1 Q0 2011208480331622411 1
1 Q0 2011222585331201112191 1
1 Q0 2012210204331201205211 1
1 Q0 2012213399331626921 1
1 Q0 2013219788331631751 1
1 Q0 201400728877371635381 1
1 Q0 201400822001371634681 1
1 Q0 201500800870371635811 1
1 Q0 201500803433371636151 1
1 Q0 201500805589371640041 1
1 Q0 201500821244371638171 1
1 Q0 201500821646371638081 1
1 Q0 201600800453371639851 1
1 Q0 201600800752371639731 1
1 Q0 201600802694371639531 1
1 Q0 201600805164371640541 1
2 Q0 2010210471331201007271 1
2 Q0 2010218716331201012171 1
3 Q0 201400719990371636131 1
3 Q0 201400721433371636801 1
3 Q0 201400820661371635391 1
3 Q0 201500816289371638541 1
3 Q0 201500822789371639031 1
4 Q0 2009214088331618461 1
4 Q0 2010511619331201010066 1
4 Q0 201100205365371632251 1
4 Q0 2011207585331201106131 1
4 Q0 2011208561331201106222 1
4 Q0 2011216203331201109191 1
4 Q0 2011217151331201109272 1
4 Q0 2011219996331201111111 1
4 Q0 2011221365331201112051 1
4 Q0 2012202855331201202161 1
4 Q0 2012202925331201202161 1
4 Q0 2012203574331201204131 1
4 Q0 2012204445331201203081 1
4 Q0 2012210811331201205241 1
4 Q0 201400201475371632281 1
4 Q0 201400702233371632591 1
4 Q0 201600810877371640751 1
5 Q0 201400803362371633131 1
5 Q0 201400803362371633134 1
5 Q0 201400805824371633231 1
5 Q0 201400810454371633481 1
5 Q0 201400815045371636231 1
5 Q0 201400821361371636221 1
5 Q0 201400829094371636581 1
5 Q0 201500801955371636511 1
5 Q0 201500804551371637471 1
5 Q0 201500805830371637121 1
5 Q0 201500815736371637911 1
5 Q0 201500817750371638251 1
6 Q0 201500820750371638461 1
6 Q0 201500828834371638821 1
7 Q0 201400819882371634371 1
7 Q0 201400819914371634351 1
7 Q0 201500713572371637154 1
7 Q0 201500713689371637184 1
7 Q0 201500726759371639741 1
7 Q0 201500729243371638863 1
7 Q0 201500804492371636161 1
7 Q0 201500814407371637261 1
7 Q0 201600802380371639521 1
7 Q0 201600802878371639533 1
8 Q0 2012200524331201201231 1
8 Q0 2012201161331201202061 1
8 Q0 2012202080331201202101 1
8 Q0 2012204542331201203081 1
8 Q0 2012204578331201203082 1
8 Q0 2012205027331201203151 1
8 Q0 2012205114331201203201 1
8 Q0 2012207519331201206141 1
8 Q0 2012207767331201204181 1
8 Q0 2012209638331201205091 1
8 Q0 2012211365331201206011 1
8 Q0 201400807424371632841 1
8 Q0 201400812813371633691 1
8 Q0 201400814923371633831 1
8 Q0 201400821250371634681 1
8 Q0 201400823938371635371 1
8 Q0 201500722346371638651 1
9 Q0 201100215784371632421 1
9 Q0 2011206985331201108241 1
9 Q0 2011206986331201108241 1
9 Q0 2011219423331201201171 1
9 Q0 201200221539371633641 1
9 Q0 201300214894371632441 1
9 Q0 201300220065371632461 1
9 Q0 201400705055371632861 1
9 Q0 201400717550371634241 1
9 Q0 201400823069371634751 1
9 Q0 201600702722371641261 1
9 Q0 201600708827371641451 1
10 Q0 2011200099331201101311 1
10 Q0 2011213012331201111031 1
10 Q0 2011214025331201109131 1
10 Q0 2012203773331201203301 1
10 Q0 201400706048371633011 1
10 Q0 201400710684371633271 1
10 Q0 201400727003371635401 1
10 Q0 201400727057371635401 1
10 Q0 201400727725371635401 1
10 Q0 201500703745371636221 1
10 Q0 201500730079371639351 1
10 Q0 201600706306371640141 1
11 Q0 2011201920331201102281 1
11 Q0 2011220088331201111141 1
11 Q0 2012209224331201205091 1
11 Q0 201500704373371636151 1
11 Q0 201500706388371636361 1
11 Q0 201500707983371637131 1
11 Q0 201500708616371637131 1
11 Q0 201500722941371639041 1
11 Q0 201500812492371638321 1
11 Q0 201500824294371638681 1
11 Q0 201600700217371639351 1
12 Q0 2010206189331618531 1
12 Q0 2010214083331201010202 1
12 Q0 2010216720331201010211 1
12 Q0 2010217306331201102171 1
12 Q0 2010217758331201011161 1
12 Q0 2011221689331201112161 1
12 Q0 2012205380331201203211 1
12 Q0 2012207390331201206121 1
12 Q0 2013123413331631371 1
12 Q0 201400125196371634951 1
12 Q0 201400201624371632172 1
12 Q0 201400819602371634323 1
12 Q0 201500116386371637464 1
12 Q0 201500721551371638201 1
12 Q0 201500812663371637053 1
12 Q0 201500824515371638341 1
12 Q0 201600119118371641672 1
12 Q0 201600803161371639661 1
12 Q0 201600804837371639811 1
13 Q0 2011217990331201111291 1
13 Q0 201400805498371632791 1
13 Q0 201400807101371632811 1
13 Q0 201400807200371632801 1
13 Q0 201400807596371632871 1
14 Q0 201400717659371634071 1
14 Q0 201400727543371635401 1
14 Q0 201400802337371632701 1
14 Q0 201400820889371634471 1
14 Q0 201500701978371636101 1
14 Q0 201500715776371637471 1
14 Q0 201500718752371637771 1
14 Q0 201500801201371635741 1
14 Q0 201500804693371637491 1
14 Q0 201500808353371636581 1
14 Q0 201500812578371637331 1
15 Q0 2010608544331201006162 1
15 Q0 2012205717331201205071 1
15 Q0 2012210390331201206131 1
15 Q0 201300220806371633541 1
15 Q0 201400706406371633151 1
15 Q0 201500121422371639031 1
15 Q0 201500721804371639031 1
15 Q0 201500723127371638393 1
15 Q0 201500800848371636641 1
15 Q0 201500818402371637961 1
15 Q0 201500823371371638234 1
16 Q0 201400803862371632921 1
16 Q0 201400808922371634121 1
16 Q0 201400815925371633861 1
16 Q0 201400822214371634751 1
16 Q0 201400827437371636381 1
16 Q0 201500805352371636931 1
16 Q0 201500809246371636721 1
16 Q0 201500809923371638461 1
16 Q0 201500822974371638841 1
16 Q0 201600802590371639511 1
16 Q0 201600807462371640041 1
17 Q0 2010209276331201008091 1
17 Q0 2010212539331201009011 1
17 Q0 2010213184331201102251 1
17 Q0 2010214254331620351 1
17 Q0 2011202184331201201131 1
17 Q0 2011203361331201201131 1
17 Q0 2011204283331201201131 1
17 Q0 2011205458331622581 1
17 Q0 2011209965331201202022 1
17 Q0 2011210021331623012 1
17 Q0 2011213886331201201131 1
17 Q0 2011215021331201201131 1
17 Q0 201500811092371636931 1
17 Q0 201600119548371641601 1
18 Q0 2012218187331632101 1
18 Q0 201300205745371632141 1
18 Q0 2013201202331629291 1
18 Q0 201400714201371634661 1
18 Q0 201400716603371633981 1
18 Q0 201400802867371633551 1
18 Q0 201400810079371633781 1
18 Q0 201400817852371634171 1
18 Q0 201500812370371637151 1
18 Q0 201600805566371639861 1
19 Q0 2011121562331201112161 1
19 Q0 2011222264331201112131 1
19 Q0 2012107637331201204161 1
19 Q0 201400701667371632282 1
19 Q0 201400703179371632581 1
19 Q0 201400704318371632671 1
19 Q0 201400711929371633411 1
19 Q0 201400718699371634321 1
19 Q0 201400719397371634801 1
19 Q0 201400719589371634631 1
19 Q0 201400719764371634352 1
19 Q0 201400720675371634542 1
19 Q0 201400724073371634821 1
19 Q0 201400825283371634981 1
19 Q0 201400828803371636581 1
19 Q0 201500702480371635891 1
19 Q0 201500703604371636031 1
19 Q0 201500703906371636291 1
19 Q0 201500718229371637691 1
19 Q0 201500721450371638751 1
19 Q0 201500728269371638961 1
20 Q0 2011206378331622091 1
20 Q0 2011213294331623141 1
20 Q0 2011215669331623771 1
20 Q0 2011219623331624251 1
20 Q0 2012121584331628731 1
20 Q0 2012209057331625771 1
20 Q0 2013215127331630341 1
20 Q0 2013217345331630641 1
20 Q0 2013218762331630901 1
20 Q0 2013218814331630891 1
20 Q0 2013224747331631611 1
21 Q0 201300220470371633651 1
21 Q0 201400704978371632671 1
21 Q0 201400714366371634181 1
21 Q0 201400719256371634281 1
21 Q0 201500808911371636721 1
21 Q0 201500809440371636721 1
21 Q0 201500810164371636791 1
21 Q0 201500810599371636833 1
21 Q0 201500813660371637211 1
21 Q0 201500814152371637571 1
22 Q0 2011214645331201109092 1
22 Q0 2011215713331201109091 1
22 Q0 2011219525331201111071 1
22 Q0 2011221397331201112051 1
22 Q0 2011222552331201112121 1
22 Q0 2011222780331201202071 1
22 Q0 2011222951331201112161 1
22 Q0 2012201747331201202071 1
22 Q0 2012209195331201205041 1
22 Q0 2012209533331201205071 1
22 Q0 201500703468371636691 1
22 Q0 201500705386371636841 1
23 Q0 201500729811371639042 1
23 Q0 201500730241371639041 1
23 Q0 201500808240371637951 1
23 Q0 201500808470371637951 1
23 Q0 201500809281371638881 1
23 Q0 201500816716371638881 1
23 Q0 201500820583371639551 1
23 Q0 201600700053371639501 1
23 Q0 201600703386371639671 1
23 Q0 201600706226371639871 1
23 Q0 201600710555371640401 1
24 Q0 2012218141331630751 1
24 Q0 2012311524331201206191 1
24 Q0 201400105842371633201 1
24 Q0 201400106551371633921 1
24 Q0 201400129235371636211 1
24 Q0 201400713977371633641 1
24 Q0 201400729020371637111 1
24 Q0 201400807372371632991 1
24 Q0 201500122993371638201 1
24 Q0 201500801636371635871 1
24 Q0 201500809279371636701 1
24 Q0 201500824099371638531 1
25 Q0 2010120892331621361 1
25 Q0 2011101316331622072 1
25 Q0 2011111800331623481 1
25 Q0 2012112309331626331 1
25 Q0 2012119973331627341 1
25 Q0 2012126402331628951 1
25 Q0 2012312787331628291 1
25 Q0 2012315303331626572 1
25 Q0 201300417118371633404 1
25 Q0 2013104010331629281 1
25 Q0 2013121433331631531 1
25 Q0 2013313685331630431 1
25 Q0 201400113896371633901 1
25 Q0 201400117767371634121 1
25 Q0 201400304384371632701 1
25 Q0 201400305740371632651 1
26 Q0 2010217201331201010261 1
26 Q0 2011205279331201203201 1
26 Q0 2011206186331201105181 1
26 Q0 2011206765331622101 1
26 Q0 2011210492331201107181 1
26 Q0 2011212805331201108231 1
26 Q0 2011213982331201108251 1
26 Q0 2011218581331201110203 1
26 Q0 2012200720331201201181 1
26 Q0 2012203093331201202231 1
26 Q0 2012203574331201204131 1
26 Q0 2012212598331626271 1
26 Q0 2012216443331626851 1
26 Q0 201300217702371632371 1
26 Q0 2013215759331631261 1
26 Q0 201400810328371633361 1
26 Q0 201400817916371634241 1
26 Q0 201400821585371634681 1
26 Q0 201400825890371636171 1
26 Q0 201500709829371638192 1
26 Q0 201500724392371638451 1
26 Q0 201500727182371638661 1
26 Q0 201500803752371636231 1
26 Q0 201500812815371637121 1
26 Q0 201500812815371637124 1
26 Q0 201500820164371637961 1
26 Q0 201500825477371638891 1
26 Q0 201600800200371639301 1
27 Q0 2013226173331632091 1
27 Q0 2013226180331632091 1
27 Q0 201500107856371636961 1
27 Q0 201600701457371639391 1
28 Q0 2011214828331201109081 1
28 Q0 201200221145371632431 1
28 Q0 201300205745371632141 1
28 Q0 2013203907331631751 1
28 Q0 201500707505371636991 1
28 Q0 201500728908371638813 1
28 Q0 201500824503371638501 1
28 Q0 201500829432371639041 1
29 Q0 2011219941331201203081 1
29 Q0 201300200508371632431 1
29 Q0 201400718308371634402 1
29 Q0 201400823162371634701 1
29 Q0 201500800647371635711 1
30 Q0 2010207054331201007061 1
30 Q0 2011205641331201108261 1
30 Q0 2011208204331201108261 1
30 Q0 2011209538331201108311 1
30 Q0 2011209754331201108311 1
30 Q0 2011212880331201108311 1
30 Q0 201200223391371636721 1
30 Q0 201200224758371637111 1
30 Q0 201400200929371634131 1
31 Q0 2011213874331201109081 1
31 Q0 2011220996331201112161 1
31 Q0 2012200385331201201231 1
31 Q0 2012202690331201203291 1
31 Q0 2012203148331201203271 1
31 Q0 2012207110331201204102 1
31 Q0 2012209095331201204301 1
31 Q0 2012209334331201205091 1
31 Q0 2012209925331201205091 1
31 Q0 2012210159331201205211 1
31 Q0 2012210584331201205171 1
31 Q0 2012210717331201205301 1
31 Q0 201400716226371634071 1
31 Q0 201400717888371634121 1
32 Q0 2013203565331628825 1
32 Q0 201600603954371639674 1
33 Q0 2010217924331621401 1
33 Q0 2010218725331622371 1
33 Q0 2010218873331622271 1
33 Q0 2011214763331624411 1
33 Q0 2012210904331630621 1
33 Q0 201300205295371632151 1
33 Q0 2013209898331631741 1
33 Q0 2013213975331630341 1
33 Q0 2013219139331631751 1
33 Q0 2013219736331630951 1
33 Q0 2013219737331630951 1
33 Q0 2013223586331631721 1
33 Q0 201400728303371635781 1
33 Q0 201600717244371641181 1
34 Q0 2012205289331201204131 1
34 Q0 2012205573331201204231 1
34 Q0 2012207432331201204251 1
34 Q0 2012208561331201205101 1
34 Q0 201400814904371633791 1
34 Q0 201400826532371635083 1
34 Q0 201500811669371637201 1
34 Q0 201500813101371637151 1
34 Q0 201500816661371637531 1
34 Q0 201500821040371637971 1
35 Q0 2010202746331618491 1
35 Q0 201300225637371632152 1
35 Q0 201400201553371632221 1
35 Q0 201400705066371632741 1
35 Q0 201400823585371634831 1
35 Q0 201500801160371635781 1
35 Q0 201500801636371635871 1
35 Q0 201500807100371636421 1
35 Q0 201500813093371637211 1
35 Q0 201500818041371637634 1
35 Q0 201500826406371638561 1
36 Q0 2010211790331201008061 1
36 Q0 2010211887331201008051 1
36 Q0 2011215105331201108311 1
36 Q0 2012216293331626691 1
36 Q0 2013214478331631741 1
36 Q0 2013214610331631371 1
36 Q0 2013222414331631621 1
36 Q0 201400803633371632421 1
36 Q0 201400811185371633901 1
36 Q0 201400816381371633921 1
36 Q0 201500714466371637471 1
36 Q0 201500815023371637341 1
36 Q0 201500818600371637701 1
36 Q0 201500822290371639281 1
37 Q0 201500724841371638871 1
37 Q0 201500728399371638801 1
37 Q0 201500813259371637151 1
37 Q0 201500815467371637461 1
37 Q0 201500825343371638461 1
37 Q0 201600703016371639651 1
37 Q0 201600703162371639701 1
37 Q0 201600704192371639741 1
37 Q0 201600704810371639781 1
37 Q0 201600806933371640081 1
38 Q0 2010218045331622091 1
38 Q0 2011210290331201108103 1
38 Q0 2012209020331626361 1
38 Q0 2012212806331629281 1
38 Q0 2012215130331626541 1
38 Q0 201400200647371633281 1
38 Q0 201400707073371632991 1
38 Q0 201500722577371638611 1
38 Q0 201500823614371638321 1
38 Q0 201600804634371639791 1
39 Q0 201200223686371632421 1
39 Q0 201300223686371632361 1
39 Q0 201400815108371637941 1
39 Q0 201600708399371640991 1
40 Q0 2010214419331201009281 1
40 Q0 2011222589331625031 1
40 Q0 2012206636331201206151 1
40 Q0 2012207723331201205101 1
40 Q0 2013200813331630751 1
40 Q0 2013219008331630921 1
40 Q0 2013226978331632091 1
40 Q0 201400200133371632911 1
40 Q0 201400725901371635031 1
40 Q0 201400728720371635333 1
40 Q0 201400801926371634121 1
40 Q0 201400802279371633071 1
40 Q0 201400806607371632851 1
40 Q0 201400812441371637341 1
40 Q0 201500720459371637971 1
40 Q0 201500818711371639801 1
40 Q0 201500826977371639041 1
40 Q0 201600806743371639913 1
41 Q0 2011314539331624311 1
41 Q0 2012200277331624741 1
41 Q0 201400809644371633124 1
41 Q0 2014300556331632011 1
41 Q0 201500703797371636071 1
41 Q0 201500724961371638451 1
41 Q0 201500726040371638521 1
41 Q0 201500726392371638751 1
41 Q0 201500729542371638961 1
41 Q0 201500805953371636301 1
41 Q0 201500828232371638791 1
41 Q0 201500828239371638791 1
41 Q0 201500828834371638821 1
41 Q0 201600704171371639741 1
41 Q0 201600704183371639741 1
41 Q0 201600705142371639931 1
41 Q0 201600707769371641191 1
41 Q0 201600806603371640141 1
42 Q0 2010110384331201102044 1
42 Q0 2010111126331620631 1
42 Q0 2010120635331201104012 1
42 Q0 2011105883331201105096 1
42 Q0 2011106895331622431 1
42 Q0 2011118814331625031 1
42 Q0 201400103518371641055 1
42 Q0 201400121524371636721 1
42 Q0 201500115331371640691 1
42 Q0 201500717076371637881 1
42 Q0 201600802383371639501 1
43 Q0 2013203090331628751 1
43 Q0 201400704374371633491 1
43 Q0 201400813750371634531 1
43 Q0 201400814737371634471 1
43 Q0 201400815114371634471 1
43 Q0 201400825241371641571 1
43 Q0 201400826212371636161 1
43 Q0 201500817157371637581 1
44 Q0 201400201224371632421 1
44 Q0 201400804415371633161 1
44 Q0 201400804485371633161 1
44 Q0 201400813317371633991 1
44 Q0 201400817148371634041 1
44 Q0 201400823869371634831 1
44 Q0 201400824288371635021 1
44 Q0 201400828079371635301 1
44 Q0 201500711481371636941 1
44 Q0 201500807682371639371 1
44 Q0 201500813080371638101 1
44 Q0 201500821820371638091 1
45 Q0 2010211790331201008061 1
45 Q0 2011210310331201106151 1
45 Q0 2011215012331201108292 1
45 Q0 2011221324331201111302 1
45 Q0 2011223135331201112192 1
45 Q0 2012206301331201203291 1
45 Q0 2013223453331631371 1
45 Q0 201400710869371633291 1
45 Q0 201400711167371633341 1
45 Q0 201400812897371633481 1
45 Q0 201400815519371633911 1
45 Q0 201400823285371634731 1
45 Q0 201500709569371637211 1
45 Q0 201500714466371637471 1
45 Q0 201500719048371637771 1
46 Q0 201500729062371638861 1
46 Q0 201500729296371639591 1
46 Q0 201500808911371636721 1
46 Q0 201500809440371636721 1
46 Q0 201500810164371636791 1
46 Q0 201500810599371636833 1
46 Q0 201500814040371637211 1
46 Q0 201500818199371637671 1
46 Q0 201500821275371638031 1
46 Q0 201500821841371638101 1
47 Q0 2009215638331201111071 1
47 Q0 2011221137331201111282 1
47 Q0 2011223164331201202021 1
47 Q0 2012203869331201202282 1
47 Q0 2012207428331201204131 1
47 Q0 201300223971371633361 1
47 Q0 201400709448371633222 1
47 Q0 201400723252371635031 1
47 Q0 201400723787371634831 1
47 Q0 201500713984371637541 1
48 Q0 2009202715331618281 1
48 Q0 2012204112331625291 1
48 Q0 2012205189331625491 1
48 Q0 2012206330331625941 1
48 Q0 2012206943331625921 1
48 Q0 2012209630331625951 1
48 Q0 2012224277331629501 1
48 Q0 2013207096331630921 1
48 Q0 2013212702331631751 1
48 Q0 2013218204331631101 1
48 Q0 2013218278331631531 1
48 Q0 2013219139331631751 1
48 Q0 2013219331331631111 1
48 Q0 2013224081331631751 1
48 Q0 2013224643331631521 1
48 Q0 201400124181371635181 1
48 Q0 201400702550371633651 1
48 Q0 201400711177371633371 1
48 Q0 201400712210371633491 1
48 Q0 201400722445371634911 1
48 Q0 201500728529371638791 1
49 Q0 201400719275371634411 1
49 Q0 201400720022371634471 1
49 Q0 201500712607371637971 1
49 Q0 201500719167371638752 1
49 Q0 201500720203371639041 1
49 Q0 201500722585371639041 1
49 Q0 201500723345371639042 1
49 Q0 201500724328371639041 1
49 Q0 201500822582371639771 1
49 Q0 201600702692371639531 1
50 Q0 201500704071371637971 1
50 Q0 201500728635371639361 1
51 Q0 2009214577331201005121 1
51 Q0 2009216905331201003261 1
51 Q0 2010204066331201006171 1
51 Q0 2010213979331201010051 1
51 Q0 2010219235331201102091 1
51 Q0 2011200437331201101141 1
51 Q0 2011201081331201101311 1
51 Q0 2011211335331201107131 1
51 Q0 2011214579331201108231 1
51 Q0 2011215112331201108302 1
51 Q0 2011217610331201111171 1
51 Q0 2012204074331201203051 1
51 Q0 2012220398331628011 1
51 Q0 201400702903371632341 1
51 Q0 201400703251371632421 1
51 Q0 201400717854371634131 1
51 Q0 201400803910371632441 1
51 Q0 201400808686371633066 1
51 Q0 201400815008371633791 1
51 Q0 201400821143371634611 1
51 Q0 201400825180371635301 1
51 Q0 201500722644371638971 1
51 Q0 201500803609371636551 1
51 Q0 201500815016371637331 1
51 Q0 201500822648371638151 1
51 Q0 201500825408371638444 1
51 Q0 201500827411371638751 1
51 Q0 201600706936371640151 1
52 Q0 2012201363331201203131 1
52 Q0 2012201581331201203131 1
52 Q0 2012201952331201203201 1
52 Q0 2012206355331201203301 1
52 Q0 2012206719331201204131 1
52 Q0 2012209179331201206141 1
52 Q0 2012209198331201205071 1
52 Q0 2012210418331201205281 1
52 Q0 2012210822331201205281 1
52 Q0 201300125859371632522 1
52 Q0 201400802620371632291 1
52 Q0 201400804558371632561 1
52 Q0 201400814904371633791 1
52 Q0 201500703144371636241 1
52 Q0 201500801636371635871 1
52 Q0 201500808855371636911 1
52 Q0 201500812788371637063 1
52 Q0 201500813571371637531 1
52 Q0 201600310765371640384 1
53 Q0 2013219139331631751 1
53 Q0 201500721450371638751 1
53 Q0 201500727727371638863 1
53 Q0 201500728250371638861 1
53 Q0 201500730259371639461 1
53 Q0 201500730690371639461 1
53 Q0 201500730692371639461 1
53 Q0 201500730871371639461 1
53 Q0 201500801555371636581 1
53 Q0 201500809194371637153 1
53 Q0 201500810863371637101 1
53 Q0 201600700363371639741 1
53 Q0 201600702887371639741 1
53 Q0 201600806700371641531 1
53 Q0 201600807312371640261 1
53 Q0 201600814123371641481 1
53 Q0 201600819603371641614 1
54 Q0 201500709165371636691 1
54 Q0 201500712140371636991 1
54 Q0 201500714168371637221 1
54 Q0 201500714783371637331 1
54 Q0 201500715149371637341 1
54 Q0 201500725576371638462 1
54 Q0 201600701041371639591 1
54 Q0 201600701041371639593 1
55 Q0 2011217990331201111291 1
55 Q0 201400805498371632791 1
55 Q0 201400807101371632811 1
55 Q0 201400807200371632801 1
55 Q0 201400807596371632871 1
56 Q0 2010320993331622161 1
56 Q0 2011305998331622431 1
56 Q0 201400310030371633342 1
56 Q0 201400310318371633791 1
56 Q0 201400319138371634281 1
56 Q0 201400320882371634541 1
56 Q0 201400322737371635011 1
56 Q0 201500324330371638331 1
56 Q0 201600300240371639491 1
56 Q0 201600317653371641171 1
56 Q0 201600318126371641241 1
57 Q0 2013222479331631751 1
57 Q0 201400200263371632461 1
57 Q0 201400702305371632461 1
57 Q0 201400704190371632641 1
57 Q0 201400814613371635851 1
57 Q0 201400819566371635951 1
57 Q0 201400820322371635872 1
57 Q0 201400823953371635941 1
57 Q0 201400828274371636581 1
57 Q0 201400829438371636691 1
57 Q0 201500800292371636641 1
57 Q0 201500807226371637391 1
57 Q0 201500810647371637971 1
57 Q0 201500818721371638171 1
57 Q0 201500826790371640481 1
58 Q0 2011213709331630221 1
58 Q0 2011220834331201112191 1
58 Q0 2012210159331201205211 1
58 Q0 2012210795331201205301 1
58 Q0 201400722871371634741 1
58 Q0 201400803420371632431 1
58 Q0 201400826634371635151 1
58 Q0 201500700231371636971 1
58 Q0 201500705814371636311 1
58 Q0 201500718162371637682 1
58 Q0 201600712850371641611 1
59 Q0 2010205966331618521 1
59 Q0 2010216948331620211 1
59 Q0 2010220243331201103301 1
59 Q0 201400722213371634601 1
59 Q0 201400728111371635311 1
59 Q0 201400826919371635151 1
59 Q0 201500704062371636701 1
59 Q0 201500707680371636593 1
59 Q0 201500727344371638791 1
59 Q0 201500730543371639771 1
59 Q0 201500812815371637121 1
59 Q0 201500812815371637124 1
60 Q0 2010207121331618581 1
60 Q0 2010213295331201008301 1
60 Q0 2011221230331201112021 1
60 Q0 201400806050371632711 1
60 Q0 201400825423371634981 1
60 Q0 201500127720371639011 1
60 Q0 201500712851371638111 1
60 Q0 201500801344371635931 1
60 Q0 201500803060371636061 1
60 Q0 201500811623371637001 1
60 Q0 201500819748371637841 1
60 Q0 201500823742371638341 1
60 Q0 201500827565371638674 1
60 Q0 201600715137371641001 1
60 Q0 201600803319371639651 1
61 Q0 2013203090331628751 1
61 Q0 201500820314371638101 1
62 Q0 2010114082331201009301 1
62 Q0 2011101374331621401 1
62 Q0 2011215809331201109141 1
62 Q0 2012103752331201206062 1
62 Q0 201400124181371635181 1
62 Q0 201500107175371636701 1
62 Q0 201500108978371636701 1
62 Q0 201500110663371637021 1
62 Q0 201500131012371639044 1
62 Q0 201600100384371639311 1
62 Q0 201600811350371640491 1
62 Q0 201600816902371641091 1
63 Q0 2009216617331201004081 1
63 Q0 2010203708331201005271 1
63 Q0 2010204653331201006281 1
63 Q0 2010205206331201005181 1
63 Q0 2010205367331201006151 1
63 Q0 2010208508331201008241 1
63 Q0 2011203930331201103161 1
63 Q0 2011211687331201109141 1
63 Q0 2011215021331201201131 1
63 Q0 2011219438331201201271 1
63 Q0 2012210361331627591 1
63 Q0 2013219008331630921 1
63 Q0 201400812452371633721 1
63 Q0 201400817737371634681 1
63 Q0 201400827698371635261 1
64 Q0 2010208666331201009241 1
64 Q0 2010214560331201010081 1
64 Q0 2011211726331622851 1
64 Q0 2012202336331625001 1
64 Q0 2013218988331630891 1
64 Q0 201400719505371634321 1
64 Q0 201400807016371632881 1
64 Q0 201400809658371633151 1
64 Q0 201400817984371634124 1
64 Q0 201500710051371636781 1
64 Q0 201600716361371641101 1
64 Q0 201600804243371639731 1
65 Q0 2010301540331619051 1
65 Q0 2010314289331622762 1
65 Q0 2011301120331623262 1
65 Q0 2011311923331622852 1
65 Q0 2012303917331626061 1
65 Q0 2012309814331626001 1
65 Q0 201300322513371633901 1
65 Q0 2013304617331629001 1
65 Q0 2013305673331629361 1
65 Q0 2013321646331631271 1
65 Q0 2013324448331631481 1
65 Q0 2013326967331631751 1
65 Q0 201400303369371632365 1
65 Q0 201400317864371634131 1
65 Q0 2014300490331632011 1
65 Q0 201500100257371635612 1
65 Q0 201600317016371641064 1
65 Q0 201600318598371641551 1
66 Q0 2010207121331618581 1
66 Q0 201400201570371632151 1
66 Q0 201400201571371632141 1
66 Q0 201400806050371632711 1
66 Q0 201400825423371634981 1
66 Q0 201500712851371638111 1
66 Q0 201500801344371635931 1
66 Q0 201500803060371636061 1
66 Q0 201500811623371637001 1
66 Q0 201500819748371637841 1
66 Q0 201500823742371638341 1
66 Q0 201500827565371638674 1
66 Q0 201600715137371641001 1
67 Q0 201500714483371637331 1
67 Q0 201500715337371637491 1
67 Q0 201500719321371637821 1
67 Q0 201600702689371639931 1
67 Q0 201600810593371641341 1
67 Q0 201600812524371641251 1
67 Q0 201600812524371641253 1
68 Q0 2011202492331201103021 1
68 Q0 2011205411331622481 1
68 Q0 2011205925331201104191 1
68 Q0 2011208488331622421 1
68 Q0 2011221277331201112051 1
68 Q0 2012208398331629351 1
68 Q0 2012218187331632101 1
68 Q0 201300217766371632641 1
68 Q0 2013208907331630952 1
68 Q0 2013214478331631741 1
68 Q0 201400821999371634611 1
68 Q0 201400826634371635151 1
68 Q0 201500806716371636491 1
68 Q0 201500825047371638403 1
68 Q0 201500825756371638791 1
68 Q0 201600703447371639671 1
69 Q0 201400825165371634961 1
69 Q0 201500721259371637992 1
69 Q0 201500800472371635811 1
69 Q0 201500811493371637121 1
69 Q0 201500812986371637201 1
69 Q0 201500813417371637201 1
69 Q0 201500825313371638451 1
69 Q0 201500828973371638841 1
69 Q0 201500830674371639031 1
69 Q0 201600802952371639631 1
69 Q0 201600804173371639731 1
69 Q0 201600804521371639772 1
70 Q0 2010208616331201101141 1
70 Q0 2011200275331201101121 1
70 Q0 201500706353371638471 1
70 Q0 201500708746371637253 1
70 Q0 201500721608371638034 1
70 Q0 201500800258371636351 1
70 Q0 201600110358371640551 1
70 Q0 201600702703371639673 1
70 Q0 201600702728371640201 1
70 Q0 201600713467371641541 1
70 Q0 201600714048371641561 1
71 Q0 2011210845331201203301 1
71 Q0 201200208399371634454 1
71 Q0 201300221519371633971 1
71 Q0 201400201360371633961 1
71 Q0 201400201571371632141 1
71 Q0 201400705521371633271 1
71 Q0 201400806181371632851 1
71 Q0 201400806818371634031 1
71 Q0 201400806992371632991 1
71 Q0 201400819880371634471 1
71 Q0 201400820328371634451 1
71 Q0 201400823852371635261 1
71 Q0 201400824081371635311 1
71 Q0 201400825809371635641 1
71 Q0 201500707367371636501 1
72 Q0 201600810800371641111 1
72 Q0 201600810801371641533 1
73 Q0 2012205337331629561 1
73 Q0 201300216601371632731 1
73 Q0 201300217419371632161 1
73 Q0 201300217766371632641 1
73 Q0 2013208907331630952 1
73 Q0 2013214478331631741 1
73 Q0 2013224152331631751 1
73 Q0 2013224734331631741 1
73 Q0 201400815045371636231 1
73 Q0 201400816311371637261 1
73 Q0 201400821361371636221 1
73 Q0 201500801955371636511 1
73 Q0 201500808645371637811 1
73 Q0 201500811576371636961 1
73 Q0 201500812875371638411 1
73 Q0 201500813969371637221 1
74 Q0 2010204601331618521 1
74 Q0 2010304801331201004071 1
74 Q0 2011205209331201104181 1
74 Q0 2012205050331201203151 1
74 Q0 201400709570371637011 1
74 Q0 201400723509371634801 1
74 Q0 201400724375371635191 1
74 Q0 201400728921371636861 1
74 Q0 201400803184371632371 1
74 Q0 201400808166371634041 1
74 Q0 201400816736371635091 1
74 Q0 201400824404371634841 1
74 Q0 201500704380371637211 1
74 Q0 201500706275371636481 1
74 Q0 201500707115371636861 1
74 Q0 201500707207371636801 1
74 Q0 201500707350371636651 1
74 Q0 201500707561371636651 1
74 Q0 201500713221371637291 1
74 Q0 201500729924371639041 1
74 Q0 201500730093371639041 1
74 Q0 201500822178371638321 1
74 Q0 201600706329371640692 1
74 Q0 201600710591371640561 1
75 Q0 2010202746331618491 1
75 Q0 2012204602331201203082 1
75 Q0 2013200747331630621 1
75 Q0 201400803420371632431 1
75 Q0 201500700231371636971 1
75 Q0 201500703843371637211 1
75 Q0 201500711989371637971 1
75 Q0 201500826053371639391 1
75 Q0 201600705098371640751 1
75 Q0 201600712480371640631 1
75 Q0 201600805178371640751 1
75 Q0 201600805252371640761 1
75 Q0 201600806662371640751 1
76 Q0 201600710802371641671 1
76 Q0 201600810828371640441 1
76 Q0 201600813627371640921 1
77 Q0 201400805220371632731 1
77 Q0 201400822029371635091 1
77 Q0 201400825490371635161 1
77 Q0 201500702573371635961 1
77 Q0 201500712814371637151 1
77 Q0 201500713102371637131 1
77 Q0 201500722015371638091 1
77 Q0 201500725466371638471 1
77 Q0 201500800502371635671 1
77 Q0 201500820750371638461 1
77 Q0 201500829982371639041 1
78 Q0 201400808426371634951 1
78 Q0 201400811325371634331 1
78 Q0 201400814510371634321 1
78 Q0 201400819242371634391 1
78 Q0 201400821250371634681 1
78 Q0 201400827575371635611 1
78 Q0 201500730942371639271 1
78 Q0 201500810892371637251 1
78 Q0 201500813352371637471 1
78 Q0 201600719924371641591 1
78 Q0 201600804879371639911 1
79 Q0 2010209449331201008051 1
79 Q0 2011201205331201101281 1
79 Q0 2013114999331630291 1
79 Q0 201400806504371632791 1
79 Q0 201400813608371634541 1
79 Q0 201400822758371637271 1
79 Q0 201400826605371635091 1
79 Q0 201400827627371635221 1
79 Q0 201500707778371637921 1
79 Q0 201500803034371635951 1
79 Q0 201500808945371636931 1
79 Q0 201500809371371638431 1
79 Q0 201500822070371638121 1
79 Q0 201500823373371638431 1
79 Q0 201500824151371639021 1
79 Q0 201500825001371638431 1
79 Q0 201600803303371639633 1
79 Q0 201600809581371640761 1
80 Q0 201500728538371638861 1
80 Q0 201500810353371636871 1
80 Q0 201500813259371637151 1
80 Q0 201500829667371640781 1
80 Q0 201600804494371639741 1
81 Q0 2010219305331201109291 1
81 Q0 2011202515331201102161 1
81 Q0 2011213123331201108011 1
81 Q0 2011214283331201109281 1
81 Q0 2011214926331201108262 1
81 Q0 2011218407331201110191 1
81 Q0 2011219883331201111093 1
81 Q0 2012205080331201204021 1
81 Q0 2012211055331201205251 1
81 Q0 201400707534371632851 1
81 Q0 201400714984371634681 1
81 Q0 201400714984371635401 1
81 Q0 201400716888371633991 1
81 Q0 201400722109371634591 1
81 Q0 201400722982371635161 1
82 Q0 2009218351331618161 1
82 Q0 2012224372331629011 1
82 Q0 2013204173331628881 1
82 Q0 2013210938331630061 1
82 Q0 201400805887371632781 1
82 Q0 201400825407371634971 1
82 Q0 201400826126371635781 1
82 Q0 201500723756371638451 1
82 Q0 201500816437371637681 1
82 Q0 201600713286371640901 1
83 Q0 2011201179331629561 1
83 Q0 2011207593331201105091 1
83 Q0 2011219239331625981 1
83 Q0 2011221058331624201 1
83 Q0 2012218482331630951 1
83 Q0 2012224478331627901 1
83 Q0 2012225896331628383 1
83 Q0 201400201229331632101 1
83 Q0 201400703577371632651 1
83 Q0 201400723710371634901 1
83 Q0 201400813014371633511 1
83 Q0 201500708977371637181 1
83 Q0 201500727380371638963 1
83 Q0 201500816532371637481 1
83 Q0 201500824932371638401 1
83 Q0 201600702385371639571 1
83 Q0 201600721554371641611 1
84 Q0 2010105681331618391 1
84 Q0 2010118544331201107121 1
84 Q0 2011104578331621961 1
84 Q0 2011113184331623621 1
84 Q0 2012101085331626161 1
84 Q0 201300205989371632171 1
84 Q0 201400109705371633141 1
84 Q0 201400129564371635481 1
84 Q0 201500101577371637151 1
84 Q0 201500113402371637331 1
84 Q0 201500116146371637461 1
84 Q0 201500116651371637543 1
84 Q0 201500119548371639041 1
84 Q0 201500120183371637884 1
84 Q0 201500122993371638201 1
84 Q0 201500130499371639041 1
84 Q0 201600100384371639311 1
84 Q0 201600107903371640241 1
84 Q0 201600115882371640964 1
85 Q0 2010213517331201101311 1
85 Q0 201400705570371633651 1
85 Q0 201400711127371633281 1
85 Q0 201500701811371635821 1
85 Q0 201500711481371636941 1
85 Q0 201500722777371638171 1
85 Q0 201500727222371638654 1
85 Q0 201600706614371639901 1
85 Q0 201600707020371639981 1
85 Q0 201600715337371641041 1
85 Q0 201600718797371641311 1
86 Q0 201500713631371637201 1
86 Q0 201500713648371637211 1
86 Q0 201500713943371637201 1
86 Q0 201500724633371638351 1
86 Q0 201500728769371638831 1
86 Q0 201500810353371636871 1
86 Q0 201500811789371637001 1
86 Q0 201500813259371637151 1
86 Q0 201600702381371639494 1
86 Q0 201600703015371639601 1
86 Q0 201600703016371639651 1
86 Q0 201600703162371639701 1
87 Q0 201300210414371638451 1
87 Q0 201400816608371634371 1
87 Q0 201500824923371638401 1
87 Q0 201500828694371640371 1
87 Q0 201500829846371640511 1
87 Q0 201500829897371640371 1
87 Q0 201500829906371640511 1
87 Q0 201500830103371640511 1
87 Q0 201600800323371640511 1
87 Q0 201600802894371640611 1
87 Q0 201600808967371640611 1
88 Q0 2010217538331621091 1
88 Q0 201400808121371633791 1
88 Q0 201400819639371634391 1
88 Q0 201400819882371634371 1
88 Q0 201400819914371634351 1
88 Q0 201500705711371636971 1
88 Q0 201500705716371636971 1
88 Q0 201500804492371636161 1
88 Q0 201500814407371637261 1
88 Q0 201500819936371638061 1
88 Q0 201600706483371640071 1
88 Q0 201600807303371640071 1
88 Q0 201600807445371640071 1
88 Q0 201600808141371640141 1
89 Q0 2009318557331618441 1
89 Q0 2010307422331619121 1
89 Q0 2010312592331621991 1
89 Q0 2011301887331622091 1
89 Q0 2011308781331622631 1
89 Q0 2012301693331624931 1
89 Q0 2012304245331625221 1
89 Q0 2012312384331626501 1
89 Q0 2012314028331626501 1
89 Q0 2012315427331626616 1
89 Q0 201300325338371632291 1
89 Q0 2013300213331628863 1
89 Q0 2013309830331629831 1
89 Q0 2013313617331630541 1
89 Q0 201400323668371635032 1
89 Q0 201500311463371637224 1
89 Q0 201500330486371639291 1
90 Q0 201500807063371639923 1
90 Q0 201500809150371637341 1
90 Q0 201500813159371638241 1
90 Q0 201500822539371639421 1
90 Q0 201500827242371640481 1
90 Q0 201600702593371639571 1
90 Q0 201600705313371639811 1
90 Q0 201600705585371639871 1
90 Q0 201600801705371640421 1
90 Q0 201600803152371639873 1
90 Q0 201600805552371639843 1
91 Q0 201400201305371633071 1
91 Q0 201400702074371632301 1
91 Q0 201400704318371632671 1
91 Q0 201400704701371632571 1
91 Q0 201400719764371634352 1
91 Q0 201400721776371634621 1
91 Q0 201400722921371634731 1
91 Q0 201400723424371634734 1
91 Q0 201400723872371634821 1
91 Q0 201400724618371634911 1
91 Q0 201400727783371635401 1
92 Q0 2010220347331620701 1
92 Q0 2011210078331622561 1
92 Q0 2011210084331622591 1
92 Q0 2012204787331625311 1
92 Q0 2012205206331625321 1
92 Q0 2012206019331625441 1
92 Q0 2012209443331201205031 1
92 Q0 2012212112331626191 1
92 Q0 2012219538331627181 1
92 Q0 2012223444331627751 1
92 Q0 2013220432331631692 1
92 Q0 201400708627371632994 1
92 Q0 201400711167371633341 1
92 Q0 201400802732371632581 1
92 Q0 201400805266371633201 1
92 Q0 201400805364371633201 1
93 Q0 2010213317331619681 1
93 Q0 2010213692331201009081 1
93 Q0 2010218064331201011091 1
93 Q0 2011200274331201103161 1
93 Q0 2011216221331623491 1
93 Q0 2012200104331201201161 1
93 Q0 2012222164331627662 1
93 Q0 201400722528371635021 1
93 Q0 201400805768371634331 1
93 Q0 201400816881371633991 1
93 Q0 201400824445371634833 1
93 Q0 201500713809371637921 1
93 Q0 201500721086371637971 1
93 Q0 201500822984371638201 1
93 Q0 201500824715371638381 1
93 Q0 201500827223371638671 1
93 Q0 201600704251371639731 1
94 Q0 201400707873371632991 1
95 Q0 2011204358331629081 1
95 Q0 2012213009331201206251 1
95 Q0 2013213974331631371 1
95 Q0 201400703298371632391 1
95 Q0 201400706289371632721 1
95 Q0 201400726644371635111 1
95 Q0 201500705564371636381 1
95 Q0 201500821826371638171 1
96 Q0 201400711447371633351 1
96 Q0 201400824285371634821 1
96 Q0 201500722445371639641 1
96 Q0 201500725859371639041 1
96 Q0 201500800154371635611 1
96 Q0 201500809928371636771 1
96 Q0 201500817541371637574 1
96 Q0 201500825969371638531 1
96 Q0 201600702672371639521 1
97 Q0 2011204931331201103314 1
97 Q0 201400728142371638441 1
98 Q0 2011213564331201108101 1
98 Q0 201400808548371634021 1
98 Q0 201500114721371637421 1
98 Q0 201500821433371638051 1
99 Q0 201300214975371632772 1
99 Q0 201400705033371632571 1
99 Q0 201400710790371633351 1
99 Q0 201400712885371633541 1
99 Q0 201400715631371634001 1
99 Q0 201400717485371634071 1
99 Q0 201400718864371634401 1
100 Q0 2011207350331201105091 1
100 Q0 2012201579331625361 1
100 Q0 2012208186331201204191 1
100 Q0 2012208378331201204241 1
100 Q0 2012210187331201205161 1
100 Q0 2012219336331627611 1
100 Q0 201500725325371638791 1
100 Q0 201500801262371639361 1
100 Q0 201500828838371638821 1
100 Q0 201500829764371638961 1
100 Q0 201600801988371639451 1
100 Q0 201600805498371639841 1
