1 Q0 201401002230371633691 1
1 Q0 201501007282371640141 1
1 Q0 201501009836371640871 1
1 Q0 201501012156371640871 1
2 Q0 201501002045371638621 1
2 Q0 201501003525371639501 1
2 Q0 201501005003371639511 1
2 Q0 201501008292371639041 1
2 Q0 201501009397371640561 1
2 Q0 201501011997371639931 1
2 Q0 201601000140371639881 1
2 Q0 201601000234371639881 1
2 Q0 201601004829371641611 1
2 Q0 201601005202371641611 1
3 Q0 201301008356371631451 1
3 Q0 201301009700371631331 1
3 Q0 201301009770371631331 1
3 Q0 201401004748371636561 1
3 Q0 201401004890371636561 1
3 Q0 201401005973371636851 1
3 Q0 201401006013371636851 1
3 Q0 201401007314371636931 1
3 Q0 201401007758371637181 1
3 Q0 201401008103371637181 1
3 Q0 201401008479371637181 1
3 Q0 201401008493371637181 1
3 Q0 201501001083371637541 1
3 Q0 201501007796371640091 1
3 Q0 201501011056371640161 1
4 Q0 201301004756371630331 1
4 Q0 201301007513371630411 1
4 Q0 201401003456371635141 1
4 Q0 201401003702371635581 1
4 Q0 201401004209371635771 1
4 Q0 201401004744371636381 1
4 Q0 201401006222371636421 1
4 Q0 201401006933371634831 1
4 Q0 201401007228371636581 1
4 Q0 201401008003371637391 1
4 Q0 201401008845371637081 1
4 Q0 201501007185371641171 1
4 Q0 201601000656371640441 1
5 Q0 201501000245371639801 1
5 Q0 201501004311371638681 1
5 Q0 201501007593371641311 1
5 Q0 201601000221371641311 1
5 Q0 201601000331371641311 1
5 Q0 201601000389371641031 1
5 Q0 201601001916371641031 1
5 Q0 201601003983371641031 1
5 Q0 201601007560371641311 1
5 Q0 201601007852371641611 1
6 Q0 201201003904371626711 1
6 Q0 201201004270371626691 1
6 Q0 201201006382371627901 1
6 Q0 201201008056371627901 1
6 Q0 201201008058371627901 1
6 Q0 201301002344371629851 1
6 Q0 201401002620371634551 1
6 Q0 201401004712371636491 1
6 Q0 201401005031371636491 1
6 Q0 201501000256371636221 1
6 Q0 201501000271371636231 1
7 Q0 201301001021371630341 1
7 Q0 201301006239371630361 1
7 Q0 201301006380371630361 1
7 Q0 201401001267371632991 1
7 Q0 201401004632371633851 1
7 Q0 201501001285371636431 1
7 Q0 201501001687371639031 1
7 Q0 201501002006371639241 1
7 Q0 201501004566371637421 1
7 Q0 201501006110371641171 1
7 Q0 201501010666371639601 1
7 Q0 201601000502371639731 1
8 Q0 201201003238371626221 1
8 Q0 201201008432371629001 1
8 Q0 201201008562371629001 1
8 Q0 201201008565371629001 1
8 Q0 201301000064371629361 1
8 Q0 201301000558371629691 1
8 Q0 201301001704371629781 1
8 Q0 201301002405371629961 1
8 Q0 201301002585371630001 1
8 Q0 201301003844371630331 1
8 Q0 201301004788371630331 1
8 Q0 201301005187371630341 1
8 Q0 201301005462371630341 1
8 Q0 201301005778371630341 1
8 Q0 201301005796371630341 1
8 Q0 201301006256371630401 1
8 Q0 201301006889371630411 1
8 Q0 201301006923371630411 1
8 Q0 201301013825371632731 1
8 Q0 201401008197371635231 1
9 Q0 201401003083371636291 1
9 Q0 201501008417371640211 1
9 Q0 201501010139371641311 1
9 Q0 201501011430371641311 1
9 Q0 201601000226371640551 1
9 Q0 201601001324371640511 1
9 Q0 201601003888371640871 1
9 Q0 201601003896371641561 1
9 Q0 201601006685371641611 1
9 Q0 201601007680371641561 1
10 Q0 201401001779371634551 1
10 Q0 201401003859371635291 1
10 Q0 201401004113371635291 1
10 Q0 201401004505371635951 1
10 Q0 201401004854371636491 1
10 Q0 201401006502371636531 1
10 Q0 201401008564371637531 1
10 Q0 201401008683371636171 1
10 Q0 201501001745371636721 1
10 Q0 201501003292371639021 1
10 Q0 201501004363371637421 1
10 Q0 201501007910371639031 1
10 Q0 201501008205371639061 1
10 Q0 201501008801371639461 1
11 Q0 200900900542331615031 1
11 Q0 201201001212371625361 1
11 Q0 201201001946371626371 1
11 Q0 201201005113371626651 1
11 Q0 201301004583371630411 1
11 Q0 201401005762371637891 1
11 Q0 201401006924371634831 1
11 Q0 201401007394371635921 1
11 Q0 201401007874371635161 1
11 Q0 201501001111371636411 1
11 Q0 201501001779371636581 1
11 Q0 201501003631371637111 1
11 Q0 201501007214371640731 1
11 Q0 201501012149371641601 1
12 Q0 201201008516371628921 1
12 Q0 201201008639371628101 1
12 Q0 201401007087371636911 1
12 Q0 201501003885371640091 1
12 Q0 201501010471371640371 1
13 Q0 201201003484371626221 1
13 Q0 201201005115371627041 1
13 Q0 201201007482371627491 1
13 Q0 201301006893371630261 1
13 Q0 201301007455371630391 1
13 Q0 201401007824371637071 1
13 Q0 201501005890371639461 1
13 Q0 201501008522371640671 1
13 Q0 201501008801371639461 1
13 Q0 201601002781371640871 1
14 Q0 201401008562371638161 1
14 Q0 201501001296371638491 1
14 Q0 201501003069371638601 1
14 Q0 201501003145371638601 1
14 Q0 201501004311371638681 1
14 Q0 201501004447371639461 1
14 Q0 201501005635371638861 1
14 Q0 201501007663371638281 1
14 Q0 201501007681371638281 1
14 Q0 201501007791371638281 1
15 Q0 201201007933371628931 1
15 Q0 201301008356371631451 1
15 Q0 201501001449371638491 1
15 Q0 201501001995371639001 1
15 Q0 201501011175371640431 1
15 Q0 201601002820371640871 1
15 Q0 201601002979371641201 1
15 Q0 201601003397371641031 1
15 Q0 201601006570371641611 1
16 Q0 201501004290371638241 1
16 Q0 201501004362371638241 1
16 Q0 201501005839371640281 1
16 Q0 201501006713371638331 1
16 Q0 201501009104371641551 1
16 Q0 201501009947371640511 1
16 Q0 201501010394371640871 1
16 Q0 201601002234371640761 1
16 Q0 201601002569371640761 1
16 Q0 201601002632371640761 1
16 Q0 201601002895371640161 1
16 Q0 201601004071371641211 1
16 Q0 201601004929371641211 1
16 Q0 201601005077371641211 1
16 Q0 201601005106371641211 1
16 Q0 201601005167371641211 1
16 Q0 201601005191371641211 1
17 Q0 200600900451331607532 1
17 Q0 201100901021371622711 1
17 Q0 201101000926371624132 1
17 Q0 201401003674371634311 1
17 Q0 201401005600371636531 1
17 Q0 201401005992371635233 1
17 Q0 201401006200371635313 1
17 Q0 201401006237371635313 1
17 Q0 201401006264371635303 1
17 Q0 201401006437371635333 1
17 Q0 201401006783371635643 1
17 Q0 201401007412371637181 1
17 Q0 201401007964371636143 1
17 Q0 201501000104371636241 1
17 Q0 201501001291371637203 1
17 Q0 201501001794371637401 1
17 Q0 201501001924371637433 1
17 Q0 201501004237371637491 1
17 Q0 201501004861371637461 1
17 Q0 201501004863371639721 1
17 Q0 201501005540371638591 1
17 Q0 201501008748371638591 1
17 Q0 201501012165371639871 1
17 Q0 201601000963371639591 1
17 Q0 201601004695371640551 1
17 Q0 201601007531371641111 1
18 Q0 201201002632371626131 1
18 Q0 201201008955371628091 1
18 Q0 201301000743371629691 1
18 Q0 201301001815371629921 1
18 Q0 201301005007371630401 1
18 Q0 201301005793371630341 1
18 Q0 201301006174371630411 1
18 Q0 201401003345371636071 1
18 Q0 201401006014371634271 1
18 Q0 201401006680371636531 1
18 Q0 201401007346371636931 1
18 Q0 201401008237371635301 1
18 Q0 201501008009371638461 1
18 Q0 201501008028371641551 1
18 Q0 201501010935371641671 1
18 Q0 201601001203371641231 1
18 Q0 201601005786371641611 1
19 Q0 201401001458371635291 1
19 Q0 201501000206371636801 1
19 Q0 201501000239371637561 1
19 Q0 201501007796371640091 1
19 Q0 201501010827371639661 1
19 Q0 201601005240371641211 1
20 Q0 201201002033371625703 1
20 Q0 201201002385371625711 1
20 Q0 201201002400371625771 1
20 Q0 201201002404371625711 1
20 Q0 201201002419371625771 1
20 Q0 201201002518371625771 1
20 Q0 201201002578371625771 1
20 Q0 201201003254371626121 1
20 Q0 201201006087371627331 1
20 Q0 201301000784371628611 1
20 Q0 201401003990371636181 1
20 Q0 201401006350371634511 1
20 Q0 201401007183371636631 1
20 Q0 201401008003371637391 1
20 Q0 201401008218371638601 1
20 Q0 201501007645371638541 1
20 Q0 201501007812371641531 1
20 Q0 201601002632371640761 1
21 Q0 201501004311371638681 1
21 Q0 201501006329371641111 1
21 Q0 201501007948371641411 1
21 Q0 201501011253371640851 1
21 Q0 201601000221371641311 1
21 Q0 201601003983371641031 1
21 Q0 201601004076371641311 1
21 Q0 201601004709371641031 1
21 Q0 201601005411371641311 1
21 Q0 201601007560371641311 1
22 Q0 201501000245371639801 1
22 Q0 201501003525371639501 1
22 Q0 201501004311371638681 1
22 Q0 201501007593371641311 1
22 Q0 201501007948371641411 1
22 Q0 201601000221371641311 1
22 Q0 201601000248371641031 1
22 Q0 201601000389371641031 1
22 Q0 201601000492371641031 1
22 Q0 201601001916371641031 1
22 Q0 201601003983371641031 1
22 Q0 201601004076371641311 1
22 Q0 201601004709371641031 1
22 Q0 201601005411371641311 1
22 Q0 201601007560371641311 1
22 Q0 201601007852371641611 1
23 Q0 201501007346371640861 1
23 Q0 201501007370371640861 1
23 Q0 201501007961371640861 1
23 Q0 201501011350371641311 1
23 Q0 201501011353371641311 1
23 Q0 201501011371371641311 1
23 Q0 201501012233371641311 1
23 Q0 201601001030371641311 1
23 Q0 201601003066371641311 1
23 Q0 201601003441371641311 1
23 Q0 201601005754371641311 1
23 Q0 201601005912371641311 1
23 Q0 201601006175371641311 1
24 Q0 201201007897371628981 1
24 Q0 201201008342371628951 1
24 Q0 201201008522371628951 1
24 Q0 201201009070371629001 1
24 Q0 201301000447371629631 1
24 Q0 201301013272371634021 1
24 Q0 201401006676371637121 1
24 Q0 201401008562371638161 1
24 Q0 201501001296371638491 1
24 Q0 201501003069371638601 1
24 Q0 201501003145371638601 1
24 Q0 201501004159371637711 1
24 Q0 201501004447371639461 1
24 Q0 201501005635371638861 1
24 Q0 201501007663371638281 1
24 Q0 201501007681371638281 1
24 Q0 201501007791371638281 1
24 Q0 201501007800371639001 1
25 Q0 201201001340371625381 1
25 Q0 201201004644371626691 1
25 Q0 201201005098371627321 1
25 Q0 201201007048371627901 1
25 Q0 201201007696371627951 1
25 Q0 201201007897371628981 1
25 Q0 201301001108371629761 1
25 Q0 201301006805371630401 1
25 Q0 201401005146371635231 1
25 Q0 201401007036371636931 1
25 Q0 201601003188371641231 1
26 Q0 201301002740371629871 1
26 Q0 201301003104371629871 1
26 Q0 201401007324371634971 1
26 Q0 201401008846371637191 1
26 Q0 201501000227371637191 1
26 Q0 201501000466371638051 1
26 Q0 201501000816371638131 1
26 Q0 201501003258371638201 1
26 Q0 201501003755371637211 1
26 Q0 201501003899371637711 1
26 Q0 201501004159371637711 1
26 Q0 201501004448371638951 1
26 Q0 201501006581371638301 1
26 Q0 201501010396371639851 1
27 Q0 201301001176371629771 1
27 Q0 201301001958371629801 1
27 Q0 201301001961371629801 1
27 Q0 201301002128371629851 1
27 Q0 201301002597371630081 1
27 Q0 201301002830371629871 1
27 Q0 201301005223371630341 1
27 Q0 201501008982371641201 1
27 Q0 201501009116371641201 1
27 Q0 201501010828371641661 1
27 Q0 201601000529371641231 1
27 Q0 201601001584371641231 1
27 Q0 201601002834371641231 1
27 Q0 201601003420371641601 1
27 Q0 201601005180371641241 1
27 Q0 201601005293371641241 1
27 Q0 201601005446371641601 1
27 Q0 201601006171371641601 1
27 Q0 201601007713371641561 1
27 Q0 201601008595371641561 1
28 Q0 201501001765371638531 1
28 Q0 201501004846371639701 1
28 Q0 201501004867371639701 1
28 Q0 201501004907371639701 1
28 Q0 201501005175371639701 1
28 Q0 201501005190371639701 1
28 Q0 201501005236371639701 1
28 Q0 201501005248371639701 1
28 Q0 201501005359371639701 1
28 Q0 201501005669371639701 1
28 Q0 201501005672371639701 1
28 Q0 201601001249371639881 1
29 Q0 201401008562371638161 1
29 Q0 201501001296371638491 1
29 Q0 201501001571371638521 1
29 Q0 201501004311371638681 1
29 Q0 201501005451371638861 1
29 Q0 201501005502371638541 1
29 Q0 201501007663371638281 1
29 Q0 201501007681371638281 1
29 Q0 201501010574371639641 1
29 Q0 201501010664371639641 1
30 Q0 201301009128371631311 1
30 Q0 201301012944371636931 1
30 Q0 201401001221371633971 1
30 Q0 201401005793371636531 1
30 Q0 201401006156371634321 1
30 Q0 201401006470371636531 1
30 Q0 201401006591371635011 1
30 Q0 201401007521371635171 1
30 Q0 201501002026371638891 1
30 Q0 201501003913371637151 1
30 Q0 201501003980371637141 1
30 Q0 201501004808371640821 1
31 Q0 201501005823371640281 1
31 Q0 201601002670371640871 1
32 Q0 201301002544371629171 1
32 Q0 201301004577371629731 1
32 Q0 201301005258371630011 1
32 Q0 201301005466371629901 1
32 Q0 201301006953371630271 1
32 Q0 201301008425371631331 1
32 Q0 201301009821371631331 1
32 Q0 201301010009371631581 1
32 Q0 201301010021371631581 1
32 Q0 201301011841371631751 1
32 Q0 201401000916371634461 1
32 Q0 201401008448371637181 1
32 Q0 201501001849371637501 1
32 Q0 201501001969371638521 1
32 Q0 201501004311371638681 1
32 Q0 201501011175371640431 1
33 Q0 201401008710371638161 1
33 Q0 201401008883371638161 1
33 Q0 201501001296371638491 1
33 Q0 201501003069371638601 1
33 Q0 201501004447371639461 1
33 Q0 201501005358371638861 1
33 Q0 201501005370371638581 1
33 Q0 201501005635371638861 1
33 Q0 201501006485371638791 1
33 Q0 201501006527371638881 1
33 Q0 201501007663371638281 1
33 Q0 201501007681371638281 1
33 Q0 201501007791371638281 1
34 Q0 201301001977371629591 1
34 Q0 201301001999371629801 1
34 Q0 201301002022371629591 1
34 Q0 201301002599371629451 1
34 Q0 201301002908371629591 1
34 Q0 201301005933371630251 1
34 Q0 201301006655371630341 1
34 Q0 201301007182371630411 1
34 Q0 201401008824371637191 1
34 Q0 201401008846371637191 1
34 Q0 201501000227371637191 1
34 Q0 201501001406371637681 1
34 Q0 201501003755371637211 1
34 Q0 201501003899371637711 1
34 Q0 201501004159371637711 1
35 Q0 201501004290371638241 1
35 Q0 201501004362371638241 1
35 Q0 201501008421371638531 1
35 Q0 201501008726371639031 1
35 Q0 201501008862371639031 1
35 Q0 201501009104371641551 1
35 Q0 201501009469371638881 1
35 Q0 201601004071371641211 1
35 Q0 201601005077371641211 1
35 Q0 201601005191371641211 1
36 Q0 201301010016371631741 1
36 Q0 201401003181371633581 1
36 Q0 201401004907371633973 1
36 Q0 201401005762371637891 1
36 Q0 201501000696371639001 1
36 Q0 201501003697371637991 1
36 Q0 201501004623371637991 1
36 Q0 201501005060371639811 1
36 Q0 201501005106371639811 1
36 Q0 201501005685371638961 1
36 Q0 201501008594371639291 1
36 Q0 201501009587371640281 1
36 Q0 201601000529371641231 1
36 Q0 201601000634371640871 1
36 Q0 201601001118371641601 1
36 Q0 201601004699371641241 1
36 Q0 201601005372371641601 1
36 Q0 201601007679371641311 1
37 Q0 201301004555371630363 1
37 Q0 201401000914371634041 1
37 Q0 201401001782371634391 1
37 Q0 201401001800371634411 1
37 Q0 201401003263371634391 1
37 Q0 201401003278371634391 1
37 Q0 201401003546371635231 1
37 Q0 201401003800371635231 1
37 Q0 201401003913371634551 1
37 Q0 201401004399371633851 1
38 Q0 201501007346371640861 1
38 Q0 201501007370371640861 1
38 Q0 201501007961371640861 1
38 Q0 201501011350371641311 1
38 Q0 201501011353371641311 1
38 Q0 201501011371371641311 1
38 Q0 201501012233371641311 1
38 Q0 201601001030371641311 1
38 Q0 201601003066371641311 1
38 Q0 201601003441371641311 1
38 Q0 201601005754371641311 1
38 Q0 201601005912371641311 1
38 Q0 201601006175371641311 1
39 Q0 201201003254371626121 1
39 Q0 201201004201371626421 1
39 Q0 201201004482371626571 1
39 Q0 201201004660371626691 1
39 Q0 201201004693371626611 1
39 Q0 201201005991371626981 1
39 Q0 201201006031371626971 1
39 Q0 201201006155371626961 1
39 Q0 201201006164371626961 1
39 Q0 201201006256371626991 1
39 Q0 201201006296371627141 1
39 Q0 201201006356371627061 1
39 Q0 201201006588371627141 1
39 Q0 201201006608371627141 1
39 Q0 201201009311371628101 1
39 Q0 201301000586371628681 1
39 Q0 201301001831371629161 1
39 Q0 201301002418371629241 1
39 Q0 201301002556371629231 1
39 Q0 201301004721371629711 1
39 Q0 201301005639371629991 1
39 Q0 201301006941371630281 1
39 Q0 201401007183371636631 1
39 Q0 201501001995371639001 1
40 Q0 201201003292371626551 1
40 Q0 201201004088371626551 1
40 Q0 201201006525371628803 1
40 Q0 201201007385371629111 1
40 Q0 201301000288371628392 1
40 Q0 201301003944371630331 1
40 Q0 201301003998371630331 1
40 Q0 201301004147371630331 1
40 Q0 201301006250371630401 1
40 Q0 201401003056371635081 1
41 Q0 201501001830371637701 1
42 Q0 201401008562371638161 1
42 Q0 201401008883371638161 1
42 Q0 201501000394371638181 1
42 Q0 201501000867371639021 1
42 Q0 201501001296371638491 1
42 Q0 201501001663371638521 1
42 Q0 201501003069371638601 1
42 Q0 201501003145371638601 1
42 Q0 201501004447371639461 1
42 Q0 201501005635371638861 1
42 Q0 201501007663371638281 1
42 Q0 201501007681371638281 1
42 Q0 201501007791371638281 1
42 Q0 201501007800371639001 1
43 Q0 201301001961371629801 1
43 Q0 201301007604371631091 1
43 Q0 201401001437371635111 1
43 Q0 201401004021371635231 1
43 Q0 201501000072371637191 1
43 Q0 201501001841371638531 1
43 Q0 201501001995371639001 1
43 Q0 201501005638371640141 1
43 Q0 201501007440371638411 1
43 Q0 201501007576371639031 1
43 Q0 201501007661371638531 1
43 Q0 201501009056371641551 1
43 Q0 201501011427371639851 1
43 Q0 201501011431371639851 1
43 Q0 201501011996371640061 1
43 Q0 201501012144371640641 1
43 Q0 201601003851371640871 1
43 Q0 201601004135371641211 1
43 Q0 201601004929371641211 1
43 Q0 201601006375371641201 1
43 Q0 201601008219371641621 1
44 Q0 201301003698371630261 1
44 Q0 201301005467371630261 1
44 Q0 201501003616371636941 1
44 Q0 201601001574371640671 1
44 Q0 201601004010371640871 1
44 Q0 201601004043371641031 1
44 Q0 201601005701371641221 1
44 Q0 201601006194371641311 1
45 Q0 201501004611371637261 1
45 Q0 201501010463371640361 1
45 Q0 201601002697371640761 1
46 Q0 201501003556371638791 1
46 Q0 201501006667371641131 1
46 Q0 201501008416371639531 1
46 Q0 201501010263371641701 1
46 Q0 201501011202371641611 1
46 Q0 201601001181371641461 1
46 Q0 201601001315371641461 1
46 Q0 201601001415371641461 1
46 Q0 201601002631371641631 1
47 Q0 201301003359371630341 1
47 Q0 201301006424371630341 1
47 Q0 201301006800371630321 1
47 Q0 201301007300371630341 1
47 Q0 201401007942371635111 1
47 Q0 201401007969371635111 1
47 Q0 201401007974371635111 1
47 Q0 201401008158371635161 1
47 Q0 201501004224371637631 1
47 Q0 201501011771371641231 1
47 Q0 201601000994371641551 1
47 Q0 201601003158371641231 1
48 Q0 201301001079371628681 1
48 Q0 201401008201371637071 1
48 Q0 201601007622371641561 1
49 Q0 201201005619371627111 1
49 Q0 201201009070371629001 1
49 Q0 201401005608371634181 1
49 Q0 201401008319371638181 1
49 Q0 201501001582371638681 1
49 Q0 201501003317371638251 1
49 Q0 201501004679371639521 1
49 Q0 201501005261371638691 1
49 Q0 201501005497371638881 1
49 Q0 201501009056371641551 1
49 Q0 201601007409371641211 1
50 Q0 201201002931371626331 1
50 Q0 201201003113371626501 1
50 Q0 201201003904371626711 1
50 Q0 201201006382371627901 1
50 Q0 201201006581371628491 1
50 Q0 201201007360371627601 1
50 Q0 201201007953371628541 1
50 Q0 201201008058371627901 1
50 Q0 201201009089371629071 1
50 Q0 201301005230371630321 1
50 Q0 201401002918371634931 1
50 Q0 201401003255371635091 1
51 Q0 201101000002371623851 1
51 Q0 201101000132371623421 1
51 Q0 201101001557371624132 1
51 Q0 201101001648371624131 1
51 Q0 201101001719371624131 1
51 Q0 201201000487371625221 1
51 Q0 201201001581371625751 1
51 Q0 201201003119371626431 1
51 Q0 201301010561371632001 1
51 Q0 201601000312371639491 1
51 Q0 201601001857371640751 1
51 Q0 201601003416371641551 1
52 Q0 201501006152371639601 1
52 Q0 201501011127371640061 1
52 Q0 201501011408371639851 1
52 Q0 201501011427371639851 1
52 Q0 201501011431371639851 1
52 Q0 201501011996371640061 1
52 Q0 201501012212371640061 1
52 Q0 201601000503371641231 1
52 Q0 201601000988371641231 1
52 Q0 201601001231371641311 1
52 Q0 201601001888371640751 1
52 Q0 201601002757371641231 1
52 Q0 201601008209371641311 1
53 Q0 201201005927371626901 1
53 Q0 201201006135371626961 1
53 Q0 201201006321371627001 1
53 Q0 201301003149371630141 1
53 Q0 201401001799371634621 1
53 Q0 201401002043371634631 1
53 Q0 201401002467371633561 1
53 Q0 201401003851371635581 1
53 Q0 201401007200371634951 1
53 Q0 201401007328371636931 1
53 Q0 201501009195371640871 1
53 Q0 201601000349371641231 1
53 Q0 201601002645371640871 1
54 Q0 201201003050371626421 1
55 Q0 201201003484371626221 1
55 Q0 201201005115371627041 1
55 Q0 201201007482371627491 1
55 Q0 201201009024371628811 1
55 Q0 201301001126371629691 1
55 Q0 201301001439371629691 1
55 Q0 201301013043371632641 1
55 Q0 201401002365371634631 1
55 Q0 201401003722371635291 1
55 Q0 201501008522371640671 1
55 Q0 201501010394371640871 1
55 Q0 201601003970371641231 1
56 Q0 201301008298371630681 1
56 Q0 201401002409371634021 1
56 Q0 201401003399371633331 1
56 Q0 201401003410371633341 1
56 Q0 201501003112371636861 1
56 Q0 201501004018371637211 1
56 Q0 201501010907371638971 1
56 Q0 201501011292371638971 1
56 Q0 201601002839371640231 1
56 Q0 201601003985371640431 1
57 Q0 201301001542371629771 1
57 Q0 201301001824371629781 1
57 Q0 201301002038371629801 1
57 Q0 201301002537371630031 1
57 Q0 201301002546371629861 1
57 Q0 201301002983371630141 1
57 Q0 201301003115371629661 1
57 Q0 201301003742371630331 1
57 Q0 201301008890371631661 1
57 Q0 201401000218371632801 1
57 Q0 201401000339371632801 1
57 Q0 201401002339371633471 1
57 Q0 201401002342371633471 1
57 Q0 201401002716371634671 1
57 Q0 201401003859371635291 1
57 Q0 201401006179371636111 1
57 Q0 201501001393371636351 1
57 Q0 201501005026371637481 1
58 Q0 201501000437371637321 1
58 Q0 201501006923371638601 1
58 Q0 201501009212371639461 1
58 Q0 201501009803371640871 1
58 Q0 201501009836371640871 1
58 Q0 201501010019371639841 1
58 Q0 201501010236371640871 1
58 Q0 201501011000371640871 1
58 Q0 201501011142371640061 1
58 Q0 201501012156371640871 1
58 Q0 201601000870371640871 1
58 Q0 201601000987371639811 1
58 Q0 201601002139371640071 1
58 Q0 201601002614371640161 1
58 Q0 201601003560371641601 1
59 Q0 201201001212371625361 1
59 Q0 201201001946371626371 1
59 Q0 201201005113371626651 1
59 Q0 201201007990371630411 1
59 Q0 201301004583371630411 1
59 Q0 201401005762371637891 1
59 Q0 201401006924371634831 1
59 Q0 201401007394371635921 1
59 Q0 201401007874371635161 1
59 Q0 201501001111371636411 1
59 Q0 201501001779371636581 1
59 Q0 201501003631371637111 1
59 Q0 201501007214371640731 1
59 Q0 201501012149371641601 1
60 Q0 201501004611371637261 1
61 Q0 201401003089371635571 1
61 Q0 201401008616371637531 1
61 Q0 201501000501371637581 1
61 Q0 201601003112371641551 1
62 Q0 201301011239371633521 1
62 Q0 201301012516371633681 1
62 Q0 201501003866371637711 1
62 Q0 201501004187371637431 1
62 Q0 201501012152371640751 1
63 Q0 201201003484371626221 1
63 Q0 201201005115371627041 1
63 Q0 201201007482371627491 1
63 Q0 201301001126371629691 1
63 Q0 201301001439371629691 1
63 Q0 201401002365371634631 1
63 Q0 201401002994371633581 1
63 Q0 201401003722371635291 1
63 Q0 201401006179371636111 1
63 Q0 201501008522371640671 1
63 Q0 201501010394371640871 1
64 Q0 201401008562371638161 1
64 Q0 201501001296371638491 1
64 Q0 201501001571371638521 1
64 Q0 201501005451371638861 1
64 Q0 201501005502371638541 1
64 Q0 201501007663371638281 1
64 Q0 201501007681371638281 1
64 Q0 201501007791371638281 1
64 Q0 201501010574371639641 1
64 Q0 201501010664371639641 1
65 Q0 201501005890371639461 1
65 Q0 201501008383371640471 1
65 Q0 201501009253371640741 1
65 Q0 201501009947371640511 1
65 Q0 201501010394371640871 1
65 Q0 201601000212371640751 1
65 Q0 201601001173371640751 1
65 Q0 201601003556371640771 1
65 Q0 201601004071371641211 1
65 Q0 201601005077371641211 1
65 Q0 201601005191371641211 1
65 Q0 201601007929371641561 1
66 Q0 201401000635371634331 1
66 Q0 201501011273371641661 1
66 Q0 201501011289371641611 1
66 Q0 201601000038371641661 1
66 Q0 201601000813371641661 1
66 Q0 201601001308371641661 1
66 Q0 201601001757371641671 1
66 Q0 201601002146371641671 1
66 Q0 201601002631371641631 1
66 Q0 201601003679371641611 1
66 Q0 201601004139371641671 1
67 Q0 201201004102371626551 1
67 Q0 201201004347371626691 1
67 Q0 201301003149371630141 1
67 Q0 201301003438371630331 1
67 Q0 201301006708371630361 1
67 Q0 201401000194371634321 1
67 Q0 201401003272371635291 1
67 Q0 201401003557371633591 1
67 Q0 201501005106371639811 1
67 Q0 201501007075371640371 1
67 Q0 201501007216371639531 1
68 Q0 201501004806371639461 1
68 Q0 201501006891371639461 1
68 Q0 201501008203371640841 1
68 Q0 201501009042371641551 1
68 Q0 201501010600371639661 1
68 Q0 201501011626371641591 1
68 Q0 201601000072371641231 1
68 Q0 201601000622371640871 1
68 Q0 201601003538371641231 1
68 Q0 201601005176371641561 1
68 Q0 201601005425371641241 1
69 Q0 201501003317371638251 1
69 Q0 201501007397371641191 1
69 Q0 201501008549371638951 1
69 Q0 201501009420371639371 1
69 Q0 201501009934371641311 1
69 Q0 201601000853371641311 1
69 Q0 201601002543371641311 1
69 Q0 201601004189371641311 1
69 Q0 201601007250371641311 1
70 Q0 201301002149371629241 1
70 Q0 201301013106371633681 1
70 Q0 201401001295371634501 1
70 Q0 201401006577371634541 1
70 Q0 201401007487371635041 1
70 Q0 201401008151371637451 1
70 Q0 201501000793371636341 1
70 Q0 201501002711371636701 1
70 Q0 201501008709371639741 1
70 Q0 201601001331371639711 1
70 Q0 201601007906371641621 1
71 Q0 201101001609371624893 1
71 Q0 201201007385371629111 1
71 Q0 201301004147371630331 1
71 Q0 201301007027371630341 1
71 Q0 201301007876371630471 1
71 Q0 201301008298371630681 1
71 Q0 201301009565371633271 1
71 Q0 201301010328371631091 1
71 Q0 201401000167371632001 1
71 Q0 201401002409371634021 1
71 Q0 201401003399371633331 1
71 Q0 201401003410371633341 1
71 Q0 201501003112371636861 1
71 Q0 201501004018371637211 1
71 Q0 201501010907371638971 1
71 Q0 201501011292371638971 1
71 Q0 201601002839371640231 1
71 Q0 201601003985371640431 1
72 Q0 201101001212371624403 1
72 Q0 201101001781371624921 1
72 Q0 201101001871371624931 1
72 Q0 201101001911371624931 1
72 Q0 201101002007371624931 1
72 Q0 201101002269371624931 1
72 Q0 201201000021371624931 1
72 Q0 201201001199371625701 1
72 Q0 201201001445371625491 1
72 Q0 201201001855371626141 1
72 Q0 201201002311371626141 1
72 Q0 201201002729371626141 1
72 Q0 201201004005371626481 1
72 Q0 201301001294371629691 1
72 Q0 201301001821371628871 1
72 Q0 201301005066371629901 1
73 Q0 201501002045371638621 1
73 Q0 201501003525371639501 1
73 Q0 201501005003371639511 1
73 Q0 201501008292371639041 1
73 Q0 201501009397371640561 1
73 Q0 201501011997371639931 1
73 Q0 201601000140371639881 1
73 Q0 201601000234371639881 1
73 Q0 201601004829371641611 1
73 Q0 201601005202371641611 1
74 Q0 201501004290371638241 1
74 Q0 201501004362371638241 1
74 Q0 201501005268371638241 1
74 Q0 201501006713371638331 1
74 Q0 201501008291371638531 1
74 Q0 201501008421371638531 1
74 Q0 201501008862371639031 1
74 Q0 201501009104371641551 1
74 Q0 201601002766371640761 1
74 Q0 201601004071371641211 1
74 Q0 201601005077371641211 1
75 Q0 201501000245371639801 1
75 Q0 201501004311371638681 1
75 Q0 201501007593371641311 1
75 Q0 201601000221371641311 1
75 Q0 201601000331371641311 1
75 Q0 201601000389371641031 1
75 Q0 201601001916371641031 1
75 Q0 201601003983371641031 1
75 Q0 201601007560371641311 1
75 Q0 201601007852371641611 1
76 Q0 201501011273371641661 1
76 Q0 201501011289371641611 1
76 Q0 201601000038371641661 1
76 Q0 201601000813371641661 1
76 Q0 201601001308371641661 1
76 Q0 201601002146371641671 1
76 Q0 201601002631371641631 1
76 Q0 201601003679371641611 1
76 Q0 201601004139371641671 1
76 Q0 201601005735371641611 1
77 Q0 201201004753371626971 1
77 Q0 201201006169371627901 1
77 Q0 201201008381371627951 1
77 Q0 201201009019371628871 1
77 Q0 201301006571371630151 1
77 Q0 201301006695371630191 1
77 Q0 201301006707371630191 1
77 Q0 201401006316371636491 1
77 Q0 201401006420371636521 1
77 Q0 201401007631371636611 1
78 Q0 201101000041371623851 1
78 Q0 201101001461371624132 1
78 Q0 201201001485371625981 1
78 Q0 201201004346371626511 1
78 Q0 201301000504371629631 1
78 Q0 201301003844371630331 1
78 Q0 201401002732371634551 1
78 Q0 201401004531371635951 1
78 Q0 201401004537371635951 1
78 Q0 201401004728371636491 1
78 Q0 201401006244371634421 1
78 Q0 201501001326371637541 1
78 Q0 201501003868371637421 1
79 Q0 201201006575371629011 1
79 Q0 201301006957371641701 1
79 Q0 201401003502371635231 1
79 Q0 201401004385371635231 1
79 Q0 201401005317371636581 1
79 Q0 201401005858371636761 1
79 Q0 201401006302371637181 1
79 Q0 201401007030371635231 1
79 Q0 201501005502371638541 1
79 Q0 201601003556371640771 1
80 Q0 201401008883371638161 1
80 Q0 201501001571371638521 1
80 Q0 201501001663371638521 1
80 Q0 201501004950371639461 1
80 Q0 201501005370371638581 1
80 Q0 201501005451371638861 1
80 Q0 201501005502371638541 1
80 Q0 201501006485371638791 1
80 Q0 201501006527371638881 1
80 Q0 201501010664371639641 1
80 Q0 201501010806371639661 1
81 Q0 201101002052371624311 1
81 Q0 201201007628371628651 1
81 Q0 201201008063371627811 1
81 Q0 201201008185371628651 1
81 Q0 201201008850371628651 1
81 Q0 201201009106371628651 1
81 Q0 201201009387371628511 1
81 Q0 201301000513371629071 1
81 Q0 201301007340371630341 1
81 Q0 201401006332371634551 1
81 Q0 201501003358371636851 1
82 Q0 201501008892371641411 1
82 Q0 201501010653371641701 1
82 Q0 201501010810371641701 1
82 Q0 201501011202371641611 1
82 Q0 201501011289371641611 1
82 Q0 201501011440371641541 1
82 Q0 201501012135371641491 1
82 Q0 201601000041371640971 1
82 Q0 201601000813371641661 1
82 Q0 201601001961371640971 1
82 Q0 201601002631371641631 1
82 Q0 201601002755371641661 1
83 Q0 201401008562371638161 1
83 Q0 201501001296371638491 1
83 Q0 201501001571371638521 1
83 Q0 201501001663371638521 1
83 Q0 201501004311371638681 1
83 Q0 201501005370371638581 1
83 Q0 201501005451371638861 1
83 Q0 201501010574371639641 1
83 Q0 201501010664371639641 1
83 Q0 201501010806371639661 1
84 Q0 201301005426371630401 1
84 Q0 201301006125371630401 1
84 Q0 201401001956371633681 1
84 Q0 201401006220371635391 1
84 Q0 201401006954371636641 1
84 Q0 201401007505371637211 1
85 Q0 201501000245371639801 1
85 Q0 201501007593371641311 1
85 Q0 201601000221371641311 1
85 Q0 201601000331371641311 1
85 Q0 201601000389371641031 1
85 Q0 201601000492371641031 1
85 Q0 201601001916371641031 1
85 Q0 201601003983371641031 1
85 Q0 201601004076371641311 1
85 Q0 201601004709371641031 1
85 Q0 201601005411371641311 1
85 Q0 201601007560371641311 1
86 Q0 201401008218371638601 1
86 Q0 201501006369371639601 1
86 Q0 201501006800371639461 1
86 Q0 201501009314371639601 1
86 Q0 201501010366371639491 1
86 Q0 201601002632371640761 1
86 Q0 201601003361371640771 1
86 Q0 201601003425371640771 1
86 Q0 201601004643371640781 1
86 Q0 201601005191371641211 1
86 Q0 201601007555371641211 1
87 Q0 201501006667371641131 1
87 Q0 201501008203371640841 1
87 Q0 201501008554371640841 1
87 Q0 201501010263371641701 1
87 Q0 201501010797371641661 1
87 Q0 201601001181371641461 1
87 Q0 201601001315371641461 1
87 Q0 201601001415371641461 1
87 Q0 201601003679371641611 1
87 Q0 201601004139371641671 1
88 Q0 201101001465371625301 1
88 Q0 201201000066371625361 1
88 Q0 201201000293371625371 1
88 Q0 201201000858371625361 1
88 Q0 201201001007371625371 1
88 Q0 201201001113371625371 1
88 Q0 201201001154371625361 1
88 Q0 201201001157371625371 1
88 Q0 201201001208371625361 1
88 Q0 201201008334371628841 1
88 Q0 201301001120371629761 1
88 Q0 201301002334371629801 1
88 Q0 201301003482371629911 1
88 Q0 201301004836371630331 1
88 Q0 201301005477371630401 1
89 Q0 201201007028371628921 1
89 Q0 201201009344371628371 1
89 Q0 201301005172371630291 1
89 Q0 201301005172371630353 1
89 Q0 201301005221371630291 1
89 Q0 201301005495371630341 1
89 Q0 201301006823371630211 1
89 Q0 201301006850371630221 1
89 Q0 201401007221371635401 1
89 Q0 201401007415371638101 1
89 Q0 201601004091371641031 1
90 Q0 201501004290371638241 1
90 Q0 201501004362371638241 1
90 Q0 201501008291371638531 1
90 Q0 201501008386371638531 1
90 Q0 201501008421371638531 1
90 Q0 201501008726371639031 1
90 Q0 201501008862371639031 1
90 Q0 201501009104371641551 1
90 Q0 201601004071371641211 1
90 Q0 201601005077371641211 1
91 Q0 201101000002371623851 1
91 Q0 201101000132371623421 1
91 Q0 201101001557371624132 1
91 Q0 201101001648371624131 1
91 Q0 201101001719371624131 1
91 Q0 201201000487371625221 1
91 Q0 201201001581371625751 1
91 Q0 201201003119371626431 1
91 Q0 201301010561371632001 1
91 Q0 201601000312371639491 1
91 Q0 201601003416371641551 1
92 Q0 201201003484371626221 1
92 Q0 201201005115371627041 1
92 Q0 201201007482371627491 1
92 Q0 201301001126371629691 1
92 Q0 201301001439371629691 1
92 Q0 201401002365371634631 1
92 Q0 201401002994371633581 1
92 Q0 201401003722371635291 1
92 Q0 201401006179371636111 1
92 Q0 201501008522371640671 1
92 Q0 201501010394371640871 1
93 Q0 201501004290371638241 1
93 Q0 201501004362371638241 1
93 Q0 201501005890371639461 1
93 Q0 201501008383371640471 1
93 Q0 201501009253371640741 1
93 Q0 201501009947371640511 1
93 Q0 201501010394371640871 1
93 Q0 201601000212371640751 1
93 Q0 201601001173371640751 1
93 Q0 201601003556371640771 1
93 Q0 201601004071371641211 1
93 Q0 201601005077371641211 1
93 Q0 201601005191371641211 1
93 Q0 201601007929371641561 1
94 Q0 201401008562371638161 1
94 Q0 201501001296371638491 1
94 Q0 201501001398371638491 1
94 Q0 201501001571371638521 1
94 Q0 201501001663371638521 1
94 Q0 201501003069371638601 1
94 Q0 201501003145371638601 1
94 Q0 201501004447371639461 1
94 Q0 201501004950371639461 1
94 Q0 201501005370371638581 1
94 Q0 201501007681371638281 1
94 Q0 201501010806371639661 1
95 Q0 201401008710371638161 1
95 Q0 201401008883371638161 1
95 Q0 201501001296371638491 1
95 Q0 201501003069371638601 1
95 Q0 201501003145371638601 1
95 Q0 201501005370371638581 1
95 Q0 201501006485371638791 1
95 Q0 201501007681371638281 1
95 Q0 201501010574371639641 1
95 Q0 201501010664371639641 1
96 Q0 201501004290371638241 1
96 Q0 201501004362371638241 1
96 Q0 201501008291371638531 1
96 Q0 201501008421371638531 1
96 Q0 201501008726371639031 1
96 Q0 201501008862371639031 1
96 Q0 201501009104371641551 1
96 Q0 201601004071371641211 1
96 Q0 201601005077371641211 1
96 Q0 201601005191371641211 1
97 Q0 201201000613371625003 1
97 Q0 201201001338371625771 1
97 Q0 201201003756371626271 1
97 Q0 201201004463371626971 1
97 Q0 201201004600371626901 1
97 Q0 201201005124371626901 1
97 Q0 201201005420371627041 1
97 Q0 201201005514371627041 1
97 Q0 201201006319371627201 1
97 Q0 201301000228371636371 1
97 Q0 201301000282371636371 1
97 Q0 201301000299371636371 1
97 Q0 201301000344371636371 1
97 Q0 201301000350371636371 1
97 Q0 201301003926371637371 1
97 Q0 201301007076371636371 1
97 Q0 201301011889371636371 1
98 Q0 201201006267371627901 1
98 Q0 201201006313371627901 1
98 Q0 201501007796371640091 1
98 Q0 201501008652371641551 1
98 Q0 201501009266371641551 1
98 Q0 201501011056371640161 1
98 Q0 201501011174371640061 1
98 Q0 201601001820371640751 1
98 Q0 201601004187371641211 1
98 Q0 201601004568371640781 1
98 Q0 201601008623371641561 1
99 Q0 201301002390371629031 1
99 Q0 201301013591371634141 1
99 Q0 201401004864371633861 1
99 Q0 201401006924371634831 1
99 Q0 201401007127371634841 1
99 Q0 201401008052371637181 1
99 Q0 201501000078371637541 1
99 Q0 201501001571371638521 1
99 Q0 201501007434371638381 1
99 Q0 201501007520371640541 1
99 Q0 201501008507371641551 1
99 Q0 201501009160371641551 1
100 Q0 201501001497371639021 1
100 Q0 201501002006371639241 1
100 Q0 201501002026371638891 1
100 Q0 201501005284371640821 1
100 Q0 201501005522371638811 1
100 Q0 201501006898371640841 1
100 Q0 201501008781371640841 1
100 Q0 201501010494371641661 1
100 Q0 201501010653371641701 1
100 Q0 201501010810371641701 1
100 Q0 201501011289371641611 1
100 Q0 201501011440371641541 1
100 Q0 201601002631371641631 1
