1 Q0 201100900092371621471 1
1 Q0 201201000041371624821 1
1 Q0 201201004179371626501 1
1 Q0 201301004975371630401 1
1 Q0 201301013347371634601 1
1 Q0 201301013868371633061 1
1 Q0 201401003662371634691 1
1 Q0 201401006766371638331 1
1 Q0 201401007693371638191 1
1 Q0 201501001086371639431 1
1 Q0 201501003467371638451 1
1 Q0 201501007602371640901 1
1 Q0 201501007894371640921 1
1 Q0 201601000621371641391 1
2 Q0 201100901009371623681 1
2 Q0 201301005481371630561 1
2 Q0 201401006327371637541 1
2 Q0 201501005329371640341 1
2 Q0 201501007259371640831 1
2 Q0 201501007313371640761 1
3 Q0 201401002843371635091 1
3 Q0 201401003408371635321 1
3 Q0 201401003415371635321 1
3 Q0 201401003450371635321 1
3 Q0 201401004863371636421 1
3 Q0 201401005589371637141 1
3 Q0 201401005708371637191 1
3 Q0 201401005928371637141 1
3 Q0 201401005962371637141 1
3 Q0 201401006257371637261 1
3 Q0 201401007066371637611 1
4 Q0 201100800621371622481 1
4 Q0 201201005463371627201 1
5 Q0 201100800669371623041 1
5 Q0 201101002297371624751 1
5 Q0 201201001237371625361 1
5 Q0 201201001590371625501 1
5 Q0 201301006197371630701 1
5 Q0 201301013155371632661 1
5 Q0 201401004424371636561 1
5 Q0 201401006250371635321 1
5 Q0 201501002068371637541 1
5 Q0 201501004422371639431 1
5 Q0 201501004754371639521 1
5 Q0 201501007070371640761 1
6 Q0 201301008536371631681 1
6 Q0 201301010583371633852 1
6 Q0 201301013735371634741 1
6 Q0 201401001411371634321 1
6 Q0 201401002986371636561 1
6 Q0 201401004657371634411 1
6 Q0 201401007188371635861 1
6 Q0 201501001897371638401 1
6 Q0 201501004376371640371 1
6 Q0 201501007373371641111 1
7 Q0 201000801428371619691 1
7 Q0 201000801937371620591 1
7 Q0 201000901758371619931 1
7 Q0 201100900746371622871 1
7 Q0 201101000114371623611 1
7 Q0 201101000379371623751 1
7 Q0 201101001329371624401 1
7 Q0 201101001777371624311 1
7 Q0 201301013157371632711 1
7 Q0 201401003442371634601 1
7 Q0 201501003101371638961 1
7 Q0 201501008016371641201 1
7 Q0 201501008342371640691 1
7 Q0 201501009944371641601 1
7 Q0 201501009985371641601 1
7 Q0 201501010303371641541 1
8 Q0 201100901123371623471 1
8 Q0 201201000010371624871 1
8 Q0 201201001819371625641 1
8 Q0 201201006241371627041 1
8 Q0 201201009316371629231 1
8 Q0 201301000322371629421 1
8 Q0 201301003772371630071 1
8 Q0 201501006443371640551 1
8 Q0 201501008497371641051 1
8 Q0 201501008638371640621 1
8 Q0 201501008664371641051 1
8 Q0 201501010249371641561 1
9 Q0 201101002125371625151 1
9 Q0 201201003417371626501 1
9 Q0 201201003560371626571 1
9 Q0 201201003611371626541 1
9 Q0 201201003612371626271 1
9 Q0 201201003710371626571 1
9 Q0 201201003772371626411 1
9 Q0 201201004978371627391 1
9 Q0 201201005723371626991 1
9 Q0 201201007858371628601 1
9 Q0 201301010256371633831 1
9 Q0 201401002786371634321 1
9 Q0 201401003290371635251 1
9 Q0 201501004501371640621 1
9 Q0 201501007277371641251 1
9 Q0 201501010731371640901 1
10 Q0 201201003940371626691 1
10 Q0 201201004449371626571 1
10 Q0 201201005411371627952 1
10 Q0 201201009070371629232 1
10 Q0 201301001413371629211 1
10 Q0 201301002503371629371 1
10 Q0 201301006932371630701 1
10 Q0 201301007802371632011 1
10 Q0 201301008294371631401 1
10 Q0 201301012704371634061 1
10 Q0 201401004831371634411 1
10 Q0 201401007051371638621 1
10 Q0 201501004493371639011 1
10 Q0 201501009780371640061 1
10 Q0 201601006688371641541 1
11 Q0 201000901016371618741 1
11 Q0 201201007970371628091 1
11 Q0 201301000515371628531 1
11 Q0 201301004740371630121 1
11 Q0 201301006053371630631 1
11 Q0 201301006268371630361 1
11 Q0 201301006791371630891 1
11 Q0 201401001064371634061 1
11 Q0 201401001493371633431 1
11 Q0 201401001546371634481 1
11 Q0 201401002172371633433 1
11 Q0 201401003054371635111 1
11 Q0 201401003193371634601 1
11 Q0 201401006760371637471 1
11 Q0 201501002830371639801 1
11 Q0 201501004932371637541 1
11 Q0 201501009020371641181 1
11 Q0 201501011216371641561 1
12 Q0 201301009284371631741 1
12 Q0 201401000390371634811 1
12 Q0 201401002492371636211 1
12 Q0 201501000850371639501 1
12 Q0 201501004299371639381 1
12 Q0 201501005208371638191 1
12 Q0 201501005438371640341 1
12 Q0 201501007594371640761 1
12 Q0 201501009634371640501 1
12 Q0 201501010529371641621 1
12 Q0 201501010582371641491 1
12 Q0 201601000438371639871 1
13 Q0 201401007728371637961 1
13 Q0 201501003847371638331 1
13 Q0 201501004114371638901 1
13 Q0 201501004638371639451 1
13 Q0 201501005367371640361 1
13 Q0 201501005764371640371 1
14 Q0 201301006552371630891 1
14 Q0 201501000856371638381 1
14 Q0 201501000926371638381 1
15 Q0 201100800649371623341 1
15 Q0 201301010058371633341 1
15 Q0 201301010380371631191 1
15 Q0 201301010600371632591 1
15 Q0 201301012577371634111 1
15 Q0 201401001544371633781 1
15 Q0 201401003160371636581 1
15 Q0 201401004461371637211 1
15 Q0 201401004844371637401 1
15 Q0 201401006686371636861 1
15 Q0 201501008798371641621 1
16 Q0 201000800463371618711 1
16 Q0 201000800579371619621 1
16 Q0 201100800138371622201 1
16 Q0 201100800284371622481 1
16 Q0 201100800893371623041 1
16 Q0 201100900742371623471 1
16 Q0 201101000351371624241 1
16 Q0 201101000677371625991 1
16 Q0 201101001276371626201 1
16 Q0 201101002322371625431 1
16 Q0 201201000924371625571 1
16 Q0 201201002482371626831 1
16 Q0 201201002985371626831 1
16 Q0 201201004374371627251 1
16 Q0 201201006173371627551 1
16 Q0 201201006847371627551 1
16 Q0 201201007552371627531 1
16 Q0 201201008217371627811 1
16 Q0 201201008892371628021 1
16 Q0 201301000267371628881 1
16 Q0 201301005588371630611 1
16 Q0 201301009182371638201 1
16 Q0 201401001870371637121 1
16 Q0 201401003802371637541 1
16 Q0 201401003811371637541 1
16 Q0 201501002031371638901 1
16 Q0 201501007140371640411 1
16 Q0 201501007277371641251 1
16 Q0 201501008958371640371 1
17 Q0 201000901019371618741 1
17 Q0 201201004599371626981 1
17 Q0 201201006353371627461 1
17 Q0 201301000204371629231 1
17 Q0 201301000663371628791 1
17 Q0 201301000793371628861 1
17 Q0 201301001583371629931 1
17 Q0 201301005836371630071 1
17 Q0 201301006584371630911 1
17 Q0 201301006778371631101 1
17 Q0 201401001411371634321 1
17 Q0 201401001433371633772 1
17 Q0 201501000652371638381 1
17 Q0 201501005777371640431 1
17 Q0 201501006223371640501 1
18 Q0 201101001196371624261 1
18 Q0 201101002344371624821 1
18 Q0 201201007254371628742 1
18 Q0 201301000620371628741 1
18 Q0 201301001224371629001 1
18 Q0 201301002508371629841 1
18 Q0 201301004623371630331 1
18 Q0 201301008657371632591 1
18 Q0 201301013244371634601 1
18 Q0 201401000223371632921 1
18 Q0 201401002494371633641 1
18 Q0 201401003393371637051 1
18 Q0 201401005325371635091 1
18 Q0 201401008589371638331 1
18 Q0 201501000296371636701 1
18 Q0 201501000305371636721 1
18 Q0 201501005203371640691 1
18 Q0 201501006815371637981 1
18 Q0 201501007162371639642 1
18 Q0 201501007984371640921 1
19 Q0 201000802022371621221 1
19 Q0 201100800347371622201 1
19 Q0 201100801069371623211 1
19 Q0 201101000475371623981 1
19 Q0 201201000402371625151 1
19 Q0 201201003893371626501 1
19 Q0 201201008733371628511 1
19 Q0 201301004437371630071 1
19 Q0 201301005658371630681 1
19 Q0 201301011697371632311 1
19 Q0 201401005428371635111 1
19 Q0 201401007189371638591 1
19 Q0 201401007236371638121 1
19 Q0 201501004456371640201 1
19 Q0 201501007540371640831 1
20 Q0 201100800575371622551 1
20 Q0 201100900785371622591 1
20 Q0 201100900880371622731 1
20 Q0 201100900963371622871 1
20 Q0 201101000793371623821 1
20 Q0 201101001997371624891 1
20 Q0 201201000799371625151 1
20 Q0 201201009394371628741 1
20 Q0 201301002639371631681 1
20 Q0 201401000803371632801 1
20 Q0 201401005930371637891 1
20 Q0 201401007320371637981 1
20 Q0 201401007408371636911 1
20 Q0 201401008576371637261 1
20 Q0 201501000911371638381 1
20 Q0 201501008873371641181 1
20 Q0 201501009139371641391 1
20 Q0 201501009508371639012 1
20 Q0 201501009570371641471 1
21 Q0 201201008642371629491 1
21 Q0 201301001051371628811 1
21 Q0 201301004122371629701 1
21 Q0 201301007014371631171 1
21 Q0 201301007436371631451 1
21 Q0 201301007968371631741 1
21 Q0 201301009561371632851 1
21 Q0 201301012333371634251 1
21 Q0 201401002260371633641 1
21 Q0 201401002572371636701 1
21 Q0 201401005081371636861 1
21 Q0 201401005294371634271 1
21 Q0 201401006664371638731 1
21 Q0 201401008172371637611 1
21 Q0 201501000150371636651 1
21 Q0 201501000949371637051 1
21 Q0 201501002002371637541 1
21 Q0 201501002619371638121 1
21 Q0 201501003586371638612 1
21 Q0 201501004632371640901 1
21 Q0 201501007739371640921 1
22 Q0 201201002650371626411 1
22 Q0 201301005669371630211 1
22 Q0 201401001261371635651 1
22 Q0 201401002893371634391 1
22 Q0 201401008625371638241 1
22 Q0 201501003828371638801 1
23 Q0 201000901587371619651 1
23 Q0 201201001818371626201 1
23 Q0 201201004469371627411 1
23 Q0 201201007630371628861 1
23 Q0 201201008739371628511 1
23 Q0 201401006956371638611 1
23 Q0 201501001012371639431 1
23 Q0 201501001463371637331 1
23 Q0 201501004440371639011 1
23 Q0 201501006312371640481 1
23 Q0 201501008623371641051 1
23 Q0 201501009164371641321 1
23 Q0 201501010140371641491 1
23 Q0 201501010696371641671 1
23 Q0 201501012115371641671 1
24 Q0 201201008545371627971 1
24 Q0 201201008551371628021 1
24 Q0 201201008594371628021 1
24 Q0 201201008753371628511 1
24 Q0 201201009074371628581 1
24 Q0 201301000879371628601 1
24 Q0 201301001057371629161 1
24 Q0 201301002926371629421 1
24 Q0 201301003294371629421 1
24 Q0 201301003353371629631 1
24 Q0 201301003752371629701 1
24 Q0 201301004889371629861 1
24 Q0 201301005606371630071 1
24 Q0 201401006328371637331 1
24 Q0 201501009250371641131 1
25 Q0 201100800901371623341 1
25 Q0 201100800980371623401 1
25 Q0 201100900568371622871 1
25 Q0 201101000213371623681 1
25 Q0 201101000513371623611 1
25 Q0 201201000096371624961 1
25 Q0 201201008483371628391 1
25 Q0 201301007572371631541 1
25 Q0 201301010073371632851 1
25 Q0 201401000148371633011 1
25 Q0 201501000412371639011 1
26 Q0 201201002001371626061 1
26 Q0 201201004324371626691 1
26 Q0 201401000794371633991 1
26 Q0 201401001897371633551 1
26 Q0 201401004695371634601 1
26 Q0 201401005273371637561 1
26 Q0 201401006206371635321 1
26 Q0 201401007490371636071 1
26 Q0 201401008408371638101 1
26 Q0 201501001107371637631 1
26 Q0 201501001715371637631 1
26 Q0 201501002173371639501 1
26 Q0 201501006924371640341 1
26 Q0 201501008848371641111 1
26 Q0 201501010082371641341 1
27 Q0 201101001203371624751 1
27 Q0 201201000142371624821 1
27 Q0 201401007967371636301 1
27 Q0 201501000498371639851 1
27 Q0 201501001409371639851 1
27 Q0 201501005786371640621 1
27 Q0 201501006619371640761 1
27 Q0 201501008707371641112 1
27 Q0 201501010222371641394 1
27 Q0 201501011613371641671 1
28 Q0 201201003608371626651 1
28 Q0 201301012144371634251 1
28 Q0 201301012653371634481 1
29 Q0 201100800526371622341 1
29 Q0 201100800552371622341 1
29 Q0 201100800653371622762 1
29 Q0 201101000970371623891 1
29 Q0 201201001350371625501 1
29 Q0 201201007474371627831 1
29 Q0 201301007283371631121 1
29 Q0 201301007341371631191 1
29 Q0 201401002955371637191 1
29 Q0 201501004498371639011 1
29 Q0 201501004795371639711 1
29 Q0 201501007730371640831 1
30 Q0 201201008812371628091 1
30 Q0 201301005705371630631 1
30 Q0 201301005948371630681 1
30 Q0 201301006040371630611 1
30 Q0 201301009168371631681 1
30 Q0 201401003220371634601 1
30 Q0 201501005081371640621 1
30 Q0 201501006520371640431 1
30 Q0 201501006764371639641 1
30 Q0 201501006791371639641 1
30 Q0 201501007234371639501 1
30 Q0 201501007626371640991 1
31 Q0 201100800684371622621 1
31 Q0 201100800999371623341 1
31 Q0 201100901105371623421 1
31 Q0 201101000865371624121 1
31 Q0 201101000870371623821 1
31 Q0 201101001893371624731 1
31 Q0 201201001070371625431 1
31 Q0 201201001683371625501 1
31 Q0 201201001969371625731 1
31 Q0 201201002045371625711 1
31 Q0 201201003173371626221 1
31 Q0 201201003344371626271 1
31 Q0 201201003827371626501 1
31 Q0 201201004512371626691 1
31 Q0 201201005069371627271 1
31 Q0 201201007694371627601 1
31 Q0 201301012479371632591 1
31 Q0 201401000182371633151 1
31 Q0 201401004912371636491 1
31 Q0 201401007191371635091 1
31 Q0 201501001934371638522 1
32 Q0 201301013227371632791 1
32 Q0 201301013309371632791 1
32 Q0 201401008663371638521 1
32 Q0 201501002313371640901 1
32 Q0 201501003487371640481 1
32 Q0 201501003862371638731 1
32 Q0 201501005882371640481 1
32 Q0 201501006204371640481 1
32 Q0 201501009231371641201 1
33 Q0 201000901443371619371 1
33 Q0 201000901610371619721 1
33 Q0 201000902010371620492 1
33 Q0 201100800813371623041 1
33 Q0 201100900785371622591 1
33 Q0 201201006623371627971 1
33 Q0 201301005757371630631 1
33 Q0 201301006076371630891 1
33 Q0 201301009407371633362 1
33 Q0 201501000122371636701 1
33 Q0 201501006941371640761 1
34 Q0 201201000414371624891 1
34 Q0 201301008483371632291 1
34 Q0 201301012489371634271 1
34 Q0 201401000545371633781 1
34 Q0 201401003555371636161 1
34 Q0 201401004842371636421 1
34 Q0 201401006610371637351 1
34 Q0 201401007675371637261 1
34 Q0 201501001138371638881 1
34 Q0 201501004816371640221 1
34 Q0 201501007666371640361 1
34 Q0 201501009121371638901 1
34 Q0 201501009391371641201 1
34 Q0 201501009452371641201 1
34 Q0 201501009453371641471 1
34 Q0 201501010397371641471 1
35 Q0 201201003801371626851 1
35 Q0 201301002612371629981 1
35 Q0 201301003432371630071 1
35 Q0 201301006249371630331 1
35 Q0 201301006369371630631 1
35 Q0 201301013739371634461 1
35 Q0 201401005467371638661 1
35 Q0 201501000931371637051 1
35 Q0 201501001415371639011 1
35 Q0 201501001819371639801 1
35 Q0 201501002032371639801 1
35 Q0 201501011046371641561 1
36 Q0 201000801777371620591 1
36 Q0 201000801798371620591 1
36 Q0 201000901131371618881 1
36 Q0 201000901174371618951 1
36 Q0 201000901781371620421 1
36 Q0 201100800005371622901 1
36 Q0 201100800442371622201 1
36 Q0 201100800795371622901 1
36 Q0 201101000186371623771 1
36 Q0 201101000338371623771 1
36 Q0 201101000518371624401 1
36 Q0 201101001123371624051 1
36 Q0 201101001425371624171 1
36 Q0 201201006339371628881 1
36 Q0 201301006948371638061 1
36 Q0 201301013663371634741 1
36 Q0 201401001426371635671 1
36 Q0 201501005972371640481 1
36 Q0 201501010229371641391 1
36 Q0 201601001355371640691 1
37 Q0 201501004125371640151 1
37 Q0 201501006877371638331 1
38 Q0 201201004573371627411 1
38 Q0 201301000402371628791 1
38 Q0 201301013143371633011 1
38 Q0 201401000910371635251 1
38 Q0 201401003128371635741 1
38 Q0 201401008363371636561 1
38 Q0 201401008621371636421 1
38 Q0 201501000668371638101 1
38 Q0 201501007408371641131 1
38 Q0 201501007556371641181 1
38 Q0 201501007832371641131 1
38 Q0 201501008669371640341 1
39 Q0 201201008481371628811 1
39 Q0 201301004678371630331 1
39 Q0 201301008359371632791 1
39 Q0 201301009799371633481 1
39 Q0 201401001644371634461 1
39 Q0 201401002572371636701 1
39 Q0 201401002907371635111 1
39 Q0 201401008621371636421 1
39 Q0 201501000150371636651 1
39 Q0 201501004632371640901 1
39 Q0 201501008669371640341 1
40 Q0 201401000803371632801 1
40 Q0 201401002795371634321 1
40 Q0 201401007832371638191 1
40 Q0 201401007836371638191 1
40 Q0 201401008489371640151 1
40 Q0 201401008490371638331 1
40 Q0 201401008679371636651 1
40 Q0 201501001733371637351 1
40 Q0 201501009281371641491 1
41 Q0 201000800871371618771 1
41 Q0 201000800974371618851 1
41 Q0 201000801893371620591 1
41 Q0 201000801931371620591 1
41 Q0 201000802068371621221 1
41 Q0 201101000810371623821 1
41 Q0 201101001111371624241 1
41 Q0 201201000609371625591 1
41 Q0 201201004788371627131 1
41 Q0 201301007631371631241 1
41 Q0 201301008653371631191 1
42 Q0 201301012467371632591 1
43 Q0 201000800793371618771 1
43 Q0 201100900692371622731 1
43 Q0 201101000233371623961 1
43 Q0 201101000469371623701 1
43 Q0 201201006429371627181 1
43 Q0 201301007257371631121 1
43 Q0 201301007552371630821 1
43 Q0 201301007724371630891 1
43 Q0 201301009151371632851 1
43 Q0 201301011709371634131 1
43 Q0 201401000127371634811 1
43 Q0 201401003097371634111 1
43 Q0 201401004200371637121 1
43 Q0 201501000204371638521 1
43 Q0 201501002754371638171 1
43 Q0 201501003489371638591 1
43 Q0 201501009063371641201 1
43 Q0 201501009556371641491 1
43 Q0 201501009824371641321 1
43 Q0 201501010460371641471 1
43 Q0 201501011930371640221 1
44 Q0 201501002294371638101 1
44 Q0 201501005346371637981 1
44 Q0 201501005533371641202 1
44 Q0 201501005843371640411 1
44 Q0 201501007351371638671 1
44 Q0 201501007372371638671 1
44 Q0 201501009596371641251 1
44 Q0 201501009752371641321 1
44 Q0 201501010431371640921 1
44 Q0 201501011388371641602 1
44 Q0 201501011400371641601 1
45 Q0 201000901256371619161 1
45 Q0 201000901265371619161 1
45 Q0 201000901390371619301 1
45 Q0 201100900009371621191 1
45 Q0 201100900486371622311 1
45 Q0 201201002756371626341 1
45 Q0 201201004289371627411 1
45 Q0 201301000397371628581 1
45 Q0 201301007024371630611 1
45 Q0 201401003052371634461 1
45 Q0 201401004164371634271 1
45 Q0 201401004406371634271 1
45 Q0 201401006249371635931 1
45 Q0 201401007648371638451 1
45 Q0 201401007652371638451 1
45 Q0 201501002031371638901 1
45 Q0 201501002282371638401 1
45 Q0 201501003508371639801 1
45 Q0 201501004302371640371 1
45 Q0 201501005931371640691 1
45 Q0 201501009351371641131 1
45 Q0 201501009390371641131 1
45 Q0 201501009851371641321 1
46 Q0 201401002771371637701 1
46 Q0 201401003803371637701 1
46 Q0 201401008373371637701 1
46 Q0 201401008391371637701 1
46 Q0 201401008394371637701 1
46 Q0 201401008414371637701 1
46 Q0 201401008544371637701 1
46 Q0 201401008547371637701 1
46 Q0 201401008556371637701 1
47 Q0 201100900399371622311 1
47 Q0 201101001446371624381 1
47 Q0 201201000302371625021 1
47 Q0 201301007465371630981 1
47 Q0 201301007660371630981 1
47 Q0 201301007734371630981 1
47 Q0 201401000788371633361 1
47 Q0 201401001017371633501 1
47 Q0 201401004118371637051 1
47 Q0 201401004564371637331 1
47 Q0 201401005094371635021 1
47 Q0 201501009841371641351 1
48 Q0 201101001982371625151 1
48 Q0 201201002569371626291 1
48 Q0 201201003576371626711 1
48 Q0 201201003720371626621 1
48 Q0 201201007383371638671 1
48 Q0 201201007872371635741 1
48 Q0 201201008827371630411 1
48 Q0 201301000034371635721 1
48 Q0 201301000585371629931 1
48 Q0 201301002462371637991 1
48 Q0 201401002792371638101 1
48 Q0 201401004299371634391 1
49 Q0 201401002340371636141 1
49 Q0 201401002721371634271 1
49 Q0 201401002843371635091 1
49 Q0 201401003408371635321 1
49 Q0 201401003450371635321 1
49 Q0 201401003478371634671 1
49 Q0 201401003815371635391 1
49 Q0 201401003975371636931 1
49 Q0 201401004863371636421 1
49 Q0 201401005181371637541 1
49 Q0 201401005589371637141 1
49 Q0 201401005881371637141 1
49 Q0 201401005928371637141 1
49 Q0 201401006018371638341 1
49 Q0 201401007066371637611 1
49 Q0 201501007553371640851 1
49 Q0 201501012115371641671 1
50 Q0 201201006955371627551 1
50 Q0 201301002798371629661 1
50 Q0 201301003923371630261 1
50 Q0 201301005797371630701 1
50 Q0 201301005846371630141 1
50 Q0 201301007347371631051 1
50 Q0 201301013772371634251 1
50 Q0 201401000127371634811 1
50 Q0 201401006333371635371 1
50 Q0 201501007881371640711 1
50 Q0 201501008114371640711 1
50 Q0 201501008695371641181 1
50 Q0 201501010346371641391 1
51 Q0 201201002054371625851 1
51 Q0 201201003713371626851 1
51 Q0 201201004744371627041 1
51 Q0 201201006747371627691 1
51 Q0 201301003725371630141 1
51 Q0 201301008901371632441 1
51 Q0 201301011042371633971 1
51 Q0 201401001288371633641 1
51 Q0 201401004710371634901 1
51 Q0 201501006723371640621 1
51 Q0 201501008081371640921 1
51 Q0 201501011927371641671 1
52 Q0 201401002721371634271 1
52 Q0 201401002722371636371 1
52 Q0 201401003478371634671 1
52 Q0 201401005708371637191 1
52 Q0 201401005928371637141 1
52 Q0 201401005962371637141 1
52 Q0 201401006103371635311 1
52 Q0 201401007066371637611 1
52 Q0 201401007321371635881 1
52 Q0 201401008133371636211 1
52 Q0 201501000315371636721 1
52 Q0 201501000318371636721 1
52 Q0 201501000618371636861 1
53 Q0 201000801079371619621 1
53 Q0 201501009271371641491 1
53 Q0 201501009535371641251 1
53 Q0 201501011009371641561 1
54 Q0 201000901456371619371 1
54 Q0 201101000799371624311 1
54 Q0 201101001807371624381 1
54 Q0 201101001938371624401 1
54 Q0 201201002321371625921 1
54 Q0 201201002722371626061 1
54 Q0 201301002851371629631 1
54 Q0 201301004234371630261 1
54 Q0 201301013851371634461 1
54 Q0 201401008399371638031 1
54 Q0 201501000115371638801 1
54 Q0 201501001066371639381 1
54 Q0 201501001066371639641 1
54 Q0 201501002428371639641 1
54 Q0 201501004395371640361 1
55 Q0 201101000117371623681 1
55 Q0 201201009035371628811 1
55 Q0 201301002683371629561 1
55 Q0 201401007398371638521 1
56 Q0 201601002905371641131 1
56 Q0 201601002911371641131 1
56 Q0 201601002929371641131 1
57 Q0 201000901596371619651 1
57 Q0 201201003362371626271 1
57 Q0 201201005372371627531 1
57 Q0 201201008444371628021 1
57 Q0 201301001023371628881 1
57 Q0 201301001418371629841 1
57 Q0 201301012765371632381 1
57 Q0 201401004320371634831 1
57 Q0 201401006002371635091 1
57 Q0 201501003614371639871 1
57 Q0 201501008030371639381 1
57 Q0 201501009402371641321 1
57 Q0 201601008293371641701 1
58 Q0 201401003684371636861 1
58 Q0 201401005777371637471 1
58 Q0 201501000456371636791 1
59 Q0 201201003373371626271 1
59 Q0 201201004333371626551 1
59 Q0 201201004528371627201 1
59 Q0 201201004583371626571 1
59 Q0 201201008201371628511 1
59 Q0 201201008818371628042 1
59 Q0 201301001183371629001 1
59 Q0 201301001730371629281 1
59 Q0 201301001944371629351 1
59 Q0 201301002323371629351 1
59 Q0 201301002434371629491 1
59 Q0 201301002968371629371 1
59 Q0 201501005015371639731 1
60 Q0 201301006073371630401 1
60 Q0 201301006381371630841 1
60 Q0 201301007014371631171 1
60 Q0 201301007231371630841 1
60 Q0 201301013593371632871 1
60 Q0 201401000695371633341 1
60 Q0 201401000922371633431 1
60 Q0 201401001395371635671 1
60 Q0 201401001973371635951 1
60 Q0 201401002483371635311 1
60 Q0 201401002956371635371 1
60 Q0 201401003560371634671 1
60 Q0 201401004194371636561 1
60 Q0 201401004196371634271 1
60 Q0 201401008024371636651 1
60 Q0 201401008053371636651 1
60 Q0 201501000073371636651 1
61 Q0 201101002350371624731 1
61 Q0 201201000310371625021 1
61 Q0 201201000456371625021 1
61 Q0 201201001056371625251 1
61 Q0 201201001274371625431 1
61 Q0 201201001566371625711 1
61 Q0 201201001969371625731 1
61 Q0 201201002222371625731 1
61 Q0 201201002640371625991 1
61 Q0 201201009134371628791 1
61 Q0 201301002333371629281 1
62 Q0 201301000804371629841 1
62 Q0 201301013663371634741 1
62 Q0 201501001049371636771 1
62 Q0 201501004692371639501 1
62 Q0 201501007373371641111 1
62 Q0 201501008672371641321 1
63 Q0 201000801246371620041 1
63 Q0 201000801458371619751 1
63 Q0 201000801683371620591 1
63 Q0 201000802069371622201 1
63 Q0 201100800728371622621 1
63 Q0 201201000485371624961 1
63 Q0 201201001259371625731 1
63 Q0 201201003667371627131 1
63 Q0 201201006831371627691 1
63 Q0 201201007995371627901 1
64 Q0 201201003605371627271 1
64 Q0 201301010083371632591 1
64 Q0 201301012900371632711 1
64 Q0 201301012962371632711 1
64 Q0 201401000794371633991 1
64 Q0 201401004875371636791 1
64 Q0 201401004878371636771 1
64 Q0 201401007787371638191 1
64 Q0 201401008336371638101 1
64 Q0 201401008408371638101 1
64 Q0 201401008757371638101 1
64 Q0 201401008901371638101 1
64 Q0 201501006897371640341 1
64 Q0 201501007612371640341 1
64 Q0 201501010082371641341 1
65 Q0 201501003032371638241 1
65 Q0 201501004889371639711 1
66 Q0 201201006475371630001 1
66 Q0 201201006903371630001 1
66 Q0 201201008379371629301 1
66 Q0 201501000164371638611 1
66 Q0 201501001715371637631 1
67 Q0 201100800115371621361 1
67 Q0 201100800192371621711 1
67 Q0 201201000549371625151 1
67 Q0 201201000846371625221 1
67 Q0 201201000869371625221 1
67 Q0 201201000950371625251 1
67 Q0 201201001037371625291 1
67 Q0 201201002088371625851 1
67 Q0 201201003909371626501 1
67 Q0 201401004461371637211 1
67 Q0 201501008043371641201 1
67 Q0 201501008216371641201 1
67 Q0 201501008311371641201 1
67 Q0 201501008898371641341 1
67 Q0 201501009110371641471 1
68 Q0 201401000952371634181 1
68 Q0 201401001367371634061 1
69 Q0 201201002566371626431 1
69 Q0 201201003814371626341 1
69 Q0 201201004289371627411 1
69 Q0 201301001581371629141 1
69 Q0 201301006874371630841 1
69 Q0 201401000581371634761 1
69 Q0 201401002183371636071 1
69 Q0 201401003252371635091 1
69 Q0 201401004029371636911 1
69 Q0 201501000341371640151 1
69 Q0 201501000652371638381 1
70 Q0 201501004580371639641 1
70 Q0 201501004757371639521 1
70 Q0 201501004895371639711 1
70 Q0 201501004982371639661 1
70 Q0 201501006370371639921 1
70 Q0 201501006939371639921 1
70 Q0 201501007770371639921 1
71 Q0 201000901295371619651 1
71 Q0 201201002161371625851 1
71 Q0 201201005164371628791 1
71 Q0 201301000918371628601 1
71 Q0 201301001438371629161 1
71 Q0 201301002231371629351 1
71 Q0 201301004826371630141 1
71 Q0 201301009216371633221 1
71 Q0 201301012444371634111 1
71 Q0 201401003414371636771 1
71 Q0 201401003691371635371 1
71 Q0 201401007057371637261 1
71 Q0 201401007861371638191 1
71 Q0 201401008528371638031 1
71 Q0 201501000043371638031 1
71 Q0 201501004815371639711 1
71 Q0 201501004987371639731 1
71 Q0 201501005576371640431 1
71 Q0 201501007125371640621 1
71 Q0 201501007994371640921 1
71 Q0 201501008812371641321 1
71 Q0 201601004579371641051 1
72 Q0 201000801792371620671 1
72 Q0 201100801045371623341 1
72 Q0 201201002488371625941 1
72 Q0 201201003217371626201 1
72 Q0 201201006012371627321 1
72 Q0 201201008757371628531 1
72 Q0 201201008913371628021 1
72 Q0 201201009380371628371 1
72 Q0 201301000252371628441 1
72 Q0 201301009627371632441 1
72 Q0 201501004638371639451 1
72 Q0 201501005765371640481 1
73 Q0 201000901190371618951 1
73 Q0 201000901205371618881 1
73 Q0 201000901243371618951 1
73 Q0 201000901390371619301 1
73 Q0 201501002592371640151 1
74 Q0 201201003296371626991 1
74 Q0 201301006710371631031 1
74 Q0 201301007131371630751 1
74 Q0 201301007960371631741 1
74 Q0 201301009200371631741 1
74 Q0 201401005527371637541 1
74 Q0 201401006267371635321 1
74 Q0 201401007069371638611 1
74 Q0 201401008753371638521 1
74 Q0 201501000931371637051 1
74 Q0 201501002755371639801 1
74 Q0 201501008822371641051 1
74 Q0 201501012181371641701 1
75 Q0 201501006136371641131 1
75 Q0 201501007249371640411 1
75 Q0 201501007251371640411 1
75 Q0 201501007253371640411 1
75 Q0 201501007299371640411 1
75 Q0 201501007301371641131 1
75 Q0 201501007303371641131 1
75 Q0 201501007306371640411 1
75 Q0 201501007526371641131 1
75 Q0 201501007528371641131 1
76 Q0 201100800949371623041 1
76 Q0 201101000014371623471 1
76 Q0 201101000081371623681 1
76 Q0 201101000687371623821 1
76 Q0 201101000930371624381 1
76 Q0 201101000949371623821 1
76 Q0 201101001046371624311 1
76 Q0 201101001296371624241 1
76 Q0 201101001499371624121 1
76 Q0 201301004320371629981 1
76 Q0 201301006835371630841 1
76 Q0 201301009328371633361 1
76 Q0 201401000057371634811 1
76 Q0 201401001795371634131 1
76 Q0 201401008008371636211 1
76 Q0 201501003595371638611 1
76 Q0 201501007045371640621 1
76 Q0 201501009287371641351 1
77 Q0 201401000910371635251 1
77 Q0 201401004605371634901 1
77 Q0 201401005102371636561 1
77 Q0 201401006967371637631 1
77 Q0 201401008352371636351 1
77 Q0 201501000655371638131 1
77 Q0 201501000933371638131 1
77 Q0 201501006817371637911 1
77 Q0 201501007556371641181 1
77 Q0 201501007832371641131 1
78 Q0 201000901999371620421 1
78 Q0 201000902034371620421 1
78 Q0 201100800575371622551 1
78 Q0 201201007022371628741 1
78 Q0 201301010380371631191 1
78 Q0 201301010589371633851 1
78 Q0 201401000950371634181 1
78 Q0 201401002391371634181 1
78 Q0 201401006645371637471 1
78 Q0 201501003878371638881 1
78 Q0 201501005158371639731 1
78 Q0 201501007058371640761 1
78 Q0 201501007324371640501 1
78 Q0 201501011448371641601 1
78 Q0 201501012186371641701 1
79 Q0 201301006575371630681 1
79 Q0 201301007837371631311 1
79 Q0 201401001130371633551 1
79 Q0 201401006716371635671 1
79 Q0 201401007234371641621 1
79 Q0 201501000416371636791 1
79 Q0 201501000681371636911 1
79 Q0 201501003263371640341 1
79 Q0 201501007561371639731 1
79 Q0 201501007893371640721 1
79 Q0 201501007990371641321 1
80 Q0 201301007968371631741 1
80 Q0 201401002572371636701 1
80 Q0 201401002694371633551 1
80 Q0 201401002752371637611 1
80 Q0 201401002811371636491 1
80 Q0 201401002907371635111 1
80 Q0 201401006058371635311 1
80 Q0 201401006058371635861 1
80 Q0 201401006206371635321 1
80 Q0 201401006616371637351 1
80 Q0 201401007613371636091 1
80 Q0 201501000761371638131 1
80 Q0 201501004299371639381 1
80 Q0 201501004895371639711 1
80 Q0 201501004982371639661 1
80 Q0 201501006204371640481 1
80 Q0 201501009231371641201 1
81 Q0 201101000018371623541 1
81 Q0 201101001605371624401 1
81 Q0 201201000604371624961 1
81 Q0 201301001647371629981 1
81 Q0 201301006155371630361 1
81 Q0 201301012530371632151 1
81 Q0 201401001165371633641 1
81 Q0 201401001490371633641 1
81 Q0 201401002029371633991 1
81 Q0 201401006953371638611 1
81 Q0 201401007668371638261 1
81 Q0 201501000682371639521 1
81 Q0 201501001560371637331 1
81 Q0 201501006558371640431 1
81 Q0 201501007983371640921 1
81 Q0 201501008036371641051 1
81 Q0 201501008636371641131 1
81 Q0 201501008664371641051 1
82 Q0 201000901085371618951 1
82 Q0 201201001513371625501 1
82 Q0 201301004668371630331 1
82 Q0 201301008018371631241 1
82 Q0 201301008351371631381 1
82 Q0 201301012819371633221 1
82 Q0 201401000531371633271 1
82 Q0 201401005609371637631 1
82 Q0 201401007136371636071 1
82 Q0 201501001239371638471 1
82 Q0 201501001778371638471 1
82 Q0 201501001790371638031 1
82 Q0 201501002392371638471 1
82 Q0 201501003661371638801 1
82 Q0 201501006578371639731 1
82 Q0 201501011580371641671 1
83 Q0 201101002244371624801 1
83 Q0 201301004476371631311 1
83 Q0 201301005057371630361 1
83 Q0 201301006099371630361 1
83 Q0 201301012324371632591 1
83 Q0 201401005574371637051 1
83 Q0 201401007946371635651 1
83 Q0 201401008885371638241 1
83 Q0 201501002785371639871 1
83 Q0 201501003927371638881 1
83 Q0 201501003934371637701 1
83 Q0 201501007128371640501 1
83 Q0 201501009584371640501 1
83 Q0 201501009980371641321 1
83 Q0 201601001097371641701 1
84 Q0 201501009761371641321 1
84 Q0 201501010242371641393 1
84 Q0 201501010259371641393 1
84 Q0 201501010281371641491 1
84 Q0 201501010295371641393 1
84 Q0 201501010319371641393 1
84 Q0 201501010337371641393 1
84 Q0 201501010355371641393 1
84 Q0 201501010518371641471 1
84 Q0 201501010682371641541 1
85 Q0 201000800989371618851 1
85 Q0 201100800242371622481 1
85 Q0 201100800427371622131 1
85 Q0 201100901170371623471 1
85 Q0 201101000476371624241 1
85 Q0 201201001637371625451 1
85 Q0 201201001758371625591 1
85 Q0 201301013411371633341 1
85 Q0 201501002645371638171 1
85 Q0 201501004749371639521 1
85 Q0 201501007540371640831 1
86 Q0 201100800308371621993 1
86 Q0 201100901018371623491 1
86 Q0 201301000793371628861 1
86 Q0 201301010534371632171 1
86 Q0 201401004165371635391 1
86 Q0 201401005453371635391 1
86 Q0 201401005474371635391 1
86 Q0 201401005511371635391 1
86 Q0 201401005520371635391 1
86 Q0 201401006843371638751 1
86 Q0 201401007403371635931 1
86 Q0 201401008279371638171 1
86 Q0 201501007385371641541 1
87 Q0 201000901899371621681 1
87 Q0 201000902205371620771 1
87 Q0 201100900735371622591 1
87 Q0 201301001410371629211 1
87 Q0 201301004661371629861 1
87 Q0 201401002712371634271 1
87 Q0 201401006232371638331 1
87 Q0 201501001155371638881 1
87 Q0 201501001554371637331 1
87 Q0 201501002003371639441 1
87 Q0 201501002340371639641 1
87 Q0 201501003643371639871 1
87 Q0 201501007691371640851 1
87 Q0 201501009164371641321 1
87 Q0 201501009854371641321 1
87 Q0 201501011441371640711 1
88 Q0 201000800870371618771 1
88 Q0 201000800873371618771 1
88 Q0 201000901456371619371 1
88 Q0 201101000286371623561 1
88 Q0 201201005923371627741 1
88 Q0 201201008586371628441 1
88 Q0 201201009354371628791 1
88 Q0 201301007847371631401 1
88 Q0 201301010492371632171 1
88 Q0 201301010562371633851 1
88 Q0 201401002698371636371 1
88 Q0 201401006657371638261 1
88 Q0 201401008399371638031 1
88 Q0 201501001259371639381 1
88 Q0 201501005896371640691 1
89 Q0 201000801580371620171 1
89 Q0 201101000870371623821 1
89 Q0 201101001332371624261 1
89 Q0 201201005208371626781 1
89 Q0 201301006102371630361 1
89 Q0 201301006159371630891 1
89 Q0 201301012716371634061 1
89 Q0 201401007363371638031 1
89 Q0 201501000050371636581 1
89 Q0 201501002931371640621 1
89 Q0 201501003869371638881 1
89 Q0 201501004525371640201 1
89 Q0 201501005201371640361 1
89 Q0 201501007549371640831 1
89 Q0 201501007636371640721 1
89 Q0 201501009419371641601 1
89 Q0 201501009471371641601 1
89 Q0 201501010642371641491 1
90 Q0 201000901066371618741 1
90 Q0 201000901104371618881 1
90 Q0 201000901217371619231 1
90 Q0 201000901418371619301 1
90 Q0 201000901875371620771 1
90 Q0 201100900448371622101 1
90 Q0 201100901205371623331 1
90 Q0 201101000844371623961 1
90 Q0 201201002615371625921 1
90 Q0 201201006325371627901 1
90 Q0 201301002217371629511 1
90 Q0 201301005400371630611 1
90 Q0 201301011637371633271 1
90 Q0 201401001252371635651 1
90 Q0 201401007532371637961 1
90 Q0 201501000903371638801 1
90 Q0 201501011160371641561 1
91 Q0 201201002764371626991 1
91 Q0 201201003516371626411 1
91 Q0 201301003214371629841 1
91 Q0 201301006346371630611 1
91 Q0 201401002219371633201 1
91 Q0 201401002537371633341 1
91 Q0 201401002777371633772 1
91 Q0 201401005261371634671 1
91 Q0 201401006836371635091 1
91 Q0 201501005266371638961 1
91 Q0 201501006258371639711 1
91 Q0 201501008018371639711 1
91 Q0 201501011456371640151 1
91 Q0 201601000684371640431 1
91 Q0 201601000706371640411 1
91 Q0 201601003317371641131 1
91 Q0 201601004077371641541 1
92 Q0 201100800157371621651 1
92 Q0 201101001385371624121 1
92 Q0 201101001407371624121 1
92 Q0 201101001410371624121 1
92 Q0 201101001413371624121 1
92 Q0 201101001422371624121 1
92 Q0 201201007486371628041 1
92 Q0 201401001979371635951 1
92 Q0 201401003978371636931 1
92 Q0 201401005047371635021 1
92 Q0 201401005226371637541 1
92 Q0 201501001673371639431 1
92 Q0 201501003458371639851 1
92 Q0 201501003635371638801 1
92 Q0 201501008422371640991 1
93 Q0 201201004213371626571 1
93 Q0 201301003583371629631 1
93 Q0 201501001504371639431 1
93 Q0 201501001726371639431 1
93 Q0 201501003357371638891 1
93 Q0 201501004032371640411 1
93 Q0 201501010030371641251 1
93 Q0 201501010574371639881 1
93 Q0 201501010664371639882 1
93 Q0 201501011413371641251 1
93 Q0 201501012004371641251 1
93 Q0 201601001201371641181 1
93 Q0 201601002132371641251 1
94 Q0 201000902220371620771 1
94 Q0 201100800873371622981 1
94 Q0 201101001196371624261 1
94 Q0 201201000822371625221 1
94 Q0 201201002239371626011 1
94 Q0 201401002698371636371 1
94 Q0 201401003262371636651 1
94 Q0 201401003598371635371 1
94 Q0 201401005269371636491 1
94 Q0 201401008359371638331 1
94 Q0 201401008399371638031 1
94 Q0 201501007119371640621 1
94 Q0 201501009260371641201 1
95 Q0 201201000348371625871 1
95 Q0 201201003550371626431 1
95 Q0 201201003850371627131 1
95 Q0 201201005164371628791 1
95 Q0 201201006665371628791 1
95 Q0 201201008510371629232 1
95 Q0 201201008553371629141 1
95 Q0 201201008898371628041 1
95 Q0 201301000778371628601 1
95 Q0 201301002442371630211 1
95 Q0 201301005445371630401 1
95 Q0 201301013408371634601 1
95 Q0 201401001067371635321 1
95 Q0 201401003414371636771 1
95 Q0 201401005002371637262 1
95 Q0 201401005914371635951 1
95 Q0 201401007861371638191 1
95 Q0 201501004815371639711 1
95 Q0 201501008960371641111 1
96 Q0 201201001906371625731 1
96 Q0 201501006669371638881 1
97 Q0 201000801097371619071 1
97 Q0 201000801697371620241 1
97 Q0 201000902170371620631 1
97 Q0 201100800052371621221 1
97 Q0 201101000666371623701 1
97 Q0 201101000946371624401 1
97 Q0 201201002513371625991 1
97 Q0 201301005033371630121 1
97 Q0 201401006266371637261 1
97 Q0 201501001674371637351 1
97 Q0 201501005858371640431 1
98 Q0 201000901067371619301 1
98 Q0 201101001060371624401 1
98 Q0 201301009051371631471 1
98 Q0 201401002275371634901 1
98 Q0 201401005737371634812 1
98 Q0 201401005797371634812 1
98 Q0 201401006158371634812 1
98 Q0 201501005712371640901 1
98 Q0 201501006292371640202 1
98 Q0 201501007305371640202 1
98 Q0 201501007446371640202 1
99 Q0 201000801020371618911 1
99 Q0 201201000961371625431 1
99 Q0 201201003514371627391 1
99 Q0 201201006102371628371 1
99 Q0 201201007643371628441 1
99 Q0 201301001336371629911 1
99 Q0 201301003966371630891 1
99 Q0 201301007580371631311 1
99 Q0 201401001038371633551 1
99 Q0 201501004237371637701 1
99 Q0 201501007029371641181 1
100 Q0 200900901546371619931 1
100 Q0 201100900242371621751 1
100 Q0 201100901255371623681 1
100 Q0 201201002442371626341 1
100 Q0 201201004443371626831 1
100 Q0 201301002042371629281 1
100 Q0 201401003555371636161 1
100 Q0 201401004129371634761 1
100 Q0 201401005286371636491 1
100 Q0 201401008276371638031 1
100 Q0 201401008635371638331 1
100 Q0 201501003293371637681 1
