1 Q0 2010212613332620391 1
1 Q0 2010212634332623111 1
1 Q0 2011200647332627531 1
1 Q0 2013202458332629561 1
1 Q0 2013210197332629981 1
1 Q0 2013223537332631451 1
1 Q0 201400721551443636901 1
1 Q0 201400808422443633212 1
1 Q0 201400811292443633441 1
1 Q0 201500709618443636991 1
1 Q0 201500721862443638481 1
1 Q0 201500803128443636161 1
1 Q0 201500811864443637831 1
1 Q0 201500813764443640221 1
1 Q0 201500816617443637691 1
2 Q0 2008200552332612971 1
2 Q0 2008205113332612131 1
2 Q0 2008206261332612971 1
2 Q0 2009201102332615911 1
2 Q0 2009201976332614751 1
2 Q0 2009202014332614991 1
2 Q0 2009202093332614991 1
2 Q0 2011204228332630531 1
2 Q0 2011211197332623192 1
2 Q0 2011212800332623881 1
2 Q0 201400722603443638331 1
2 Q0 201500100319443636311 1
2 Q0 201500108275443638751 1
2 Q0 201500608937443640901 1
3 Q0 2010202292332618291 1
3 Q0 2010212271332619971 1
3 Q0 2012220480332627812 1
3 Q0 2012222191332627602 1
3 Q0 201300212822443632461 1
3 Q0 201300217690443632442 1
3 Q0 2013215116332630671 1
3 Q0 2013215201332630471 1
3 Q0 2013216130332631441 1
3 Q0 201400703555443634201 1
3 Q0 201400710677443635811 1
3 Q0 201400724887443636171 1
3 Q0 201400726747443636371 1
3 Q0 201400817895443634551 1
3 Q0 201400823473443634971 1
3 Q0 201400829063443635751 1
3 Q0 201500713733443637711 1
3 Q0 201500812354443637201 1
3 Q0 201500815310443639651 1
3 Q0 201500818458443638261 1
4 Q0 2009215775332621711 1
4 Q0 2010211739332621791 1
4 Q0 2010219647332621802 1
4 Q0 2010219683332621802 1
4 Q0 2011201431332621802 1
4 Q0 2011208927332622831 1
4 Q0 2011209411332626542 1
4 Q0 2011217692332627741 1
4 Q0 2011218049332627171 1
4 Q0 2011218953332624941 1
4 Q0 2012201395332627521 1
4 Q0 2012202514332627882 1
4 Q0 2012213305332627941 1
4 Q0 2012226165332628921 1
4 Q0 201300201220443637111 1
4 Q0 201300611118443635182 1
4 Q0 2013609600332630633 1
4 Q0 201400819068443635951 1
5 Q0 2003206947330596521 1
5 Q0 2003207539330598331 1
5 Q0 2004208063332602111 1
5 Q0 2007204463332614391 1
5 Q0 2007205642332608971 1
5 Q0 2007213887332614391 1
5 Q0 2008200427332612831 1
5 Q0 2009214755332618071 1
5 Q0 2010211810332625151 1
5 Q0 2010217971332626201 1
5 Q0 2011210788332623531 1
5 Q0 2012206975332630461 1
5 Q0 2013206960332631021 1
5 Q0 201400708425443633361 1
5 Q0 201500704481443640361 1
5 Q0 201500707259443637831 1
5 Q0 201500711701443638181 1
6 Q0 2011218065332628082 1
6 Q0 2011222977332624791 1
6 Q0 2012210123332626831 1
6 Q0 2012215214332629562 1
6 Q0 2013223598332632002 1
6 Q0 201400817410443634622 1
6 Q0 201400824721443635321 1
6 Q0 201500700835443636161 1
6 Q0 201500809952443640751 1
6 Q0 201500818509443639701 1
6 Q0 201500819967443640281 1
7 Q0 2007308728332609041 1
7 Q0 2009301626332614651 1
7 Q0 2009308024332616051 1
7 Q0 2009308312332615701 1
7 Q0 2009308748332616121 1
7 Q0 2009313877332616741 1
7 Q0 2010316357332620671 1
7 Q0 2011306117332622072 1
7 Q0 2012315616332627242 1
7 Q0 2012317721332627881 1
7 Q0 2013300765332629001 1
7 Q0 201400110507443633791 1
7 Q0 201400304034443633421 1
7 Q0 201400323507443635242 1
7 Q0 201500322766443638511 1
8 Q0 2006208068332608481 1
8 Q0 2007200748332609542 1
8 Q0 2007213214332609811 1
8 Q0 2010206005332621441 1
8 Q0 2010212665332621441 1
8 Q0 2011203081332626331 1
8 Q0 2011215506332623531 1
8 Q0 2012201371332624932 1
8 Q0 2013209392332630331 1
8 Q0 2013209418332630471 1
8 Q0 201400709774443634551 1
8 Q0 201400709779443634551 1
8 Q0 201400722527443635111 1
8 Q0 201400722594443635111 1
8 Q0 201500801458443637292 1
8 Q0 201500817552443640611 1
9 Q0 2006105672332604721 1
9 Q0 2006200009332608031 1
9 Q0 2011208462332624312 1
9 Q0 2011215223332626401 1
9 Q0 2011216689332624381 1
9 Q0 2012221420332628861 1
9 Q0 201300214613443632732 1
9 Q0 201300217679443640691 1
9 Q0 201300219578443632771 1
9 Q0 201300224310443634211 1
9 Q0 201300225500443632731 1
9 Q0 2013201365332628722 1
9 Q0 2013204365332629072 1
9 Q0 201400113182443635302 1
9 Q0 201400201256443633121 1
9 Q0 201400822084443635811 1
9 Q0 201500713016443640571 1
9 Q0 201500718941443638761 1
10 Q0 2007103317332608571 1
10 Q0 2007104632332607591 1
10 Q0 2008201123332611211 1
10 Q0 2008205104332614651 1
10 Q0 201400115004443638251 1
10 Q0 201400116640443636791 1
10 Q0 201400125746443638511 1
10 Q0 201400719420443635181 1
10 Q0 201400817747443634971 1
10 Q0 201500108311443639861 1
10 Q0 201500108748443638231 1
10 Q0 201500109235443639371 1
10 Q0 201500109639443638611 1
11 Q0 2008210383332614111 1
11 Q0 2008215133332614112 1
11 Q0 2009210740332617122 1
11 Q0 2009215407332616881 1
11 Q0 2010200272332617931 1
11 Q0 2010206239332619192 1
11 Q0 2010206429332619291 1
11 Q0 2010206435332619192 1
11 Q0 2010214828332620731 1
11 Q0 2010218644332620731 1
11 Q0 2011205869332622071 1
11 Q0 2011211157332622901 1
11 Q0 2013213340332630261 1
11 Q0 2013222609332631314 1
11 Q0 201400200060443632662 1
11 Q0 201400200062443632322 1
11 Q0 201400200958443632362 1
11 Q0 201400803284443632591 1
11 Q0 201400805258443632802 1
12 Q0 2012226274332629621 1
12 Q0 201500702738443636161 1
13 Q0 2008201896332612331 1
13 Q0 2008204276332612971 1
13 Q0 2009207747332615901 1
13 Q0 2009212305332616322 1
13 Q0 2009214686332616911 1
13 Q0 2009215578332617021 1
13 Q0 2009217921332617124 1
13 Q0 2010214207332620521 1
13 Q0 2010215079332620591 1
13 Q0 2011213073332623181 1
13 Q0 2012202620332626482 1
13 Q0 201500720095443639861 1
14 Q0 2004201880332600021 1
14 Q0 2005209778332607151 1
14 Q0 2008110266332612491 1
14 Q0 2008205085332611501 1
14 Q0 2008208329332611871 1
14 Q0 2009204800332620671 1
14 Q0 2010204974332620381 1
14 Q0 2011208495332623112 1
14 Q0 2011218205332624402 1
14 Q0 201200215234443633771 1
14 Q0 2012219975332627312 1
14 Q0 2013209330332630602 1
14 Q0 201400714851443639671 1
14 Q0 201400729484443637291 1
14 Q0 201400806215443634212 1
14 Q0 201500706407443637561 1
14 Q0 201500718634443637841 1
15 Q0 2002204819330592811 1
15 Q0 2003202390330596591 1
15 Q0 2003207594330595951 1
15 Q0 2005201049332602471 1
15 Q0 2006213851332608061 1
15 Q0 2009204533332615761 1
15 Q0 2010205197332619551 1
15 Q0 2010210505332622561 1
15 Q0 2010219067332621431 1
15 Q0 2011207899332622903 1
15 Q0 2013200230332628991 1
15 Q0 2013211918332630321 1
15 Q0 2013213148332630751 1
15 Q0 2013218835332630951 1
15 Q0 201400807730443633362 1
16 Q0 2008210140332612061 1
16 Q0 2008213119332612471 1
16 Q0 2010207079332619681 1
16 Q0 2010209692332620251 1
16 Q0 2012222824332628781 1
16 Q0 2013210753332630542 1
16 Q0 201400720505443634771 1
16 Q0 201400805160443632811 1
16 Q0 201400819096443634341 1
16 Q0 201500718631443637831 1
16 Q0 201500721917443638181 1
16 Q0 201500722130443638261 1
16 Q0 201500813448443638751 1
16 Q0 201500815563443638541 1
16 Q0 201500818270443639011 1
16 Q0 201500820358443638171 1
16 Q0 201500820668443639641 1
16 Q0 201500820919443638751 1
16 Q0 201500821606443638441 1
16 Q0 201500821616443640001 1
16 Q0 201500822593443638481 1
16 Q0 201500822720443639651 1
16 Q0 201500823212443639651 1
17 Q0 2005209769332604841 1
17 Q0 2011212507332623881 1
17 Q0 2012204414332625361 1
17 Q0 201300217015443633511 1
17 Q0 2013218954332631091 1
17 Q0 2013221542332631381 1
17 Q0 201400729141443638791 1
17 Q0 201500820537443638721 1
18 Q0 2013308954332629841 1
18 Q0 201400311680443633931 1
19 Q0 2011204888332622061 1
19 Q0 2011213155332623471 1
19 Q0 2011220465332624311 1
19 Q0 2012223838332628082 1
19 Q0 2013207171332629831 1
19 Q0 2013207613332630181 1
19 Q0 2013209397332630401 1
19 Q0 2013210858332630321 1
19 Q0 201400705875443633441 1
19 Q0 201400709694443633501 1
19 Q0 201500715150443637711 1
19 Q0 201500720883443641201 1
20 Q0 201300218295443632662 1
20 Q0 201300220405443632522 1
20 Q0 201300224004443633441 1
20 Q0 2013223422332631443 1
20 Q0 201400712647443633921 1
20 Q0 201400715966443641191 1
20 Q0 201400718373443634841 1
20 Q0 201400720672443637502 1
20 Q0 201400809853443637182 1
20 Q0 201500705807443636721 1
20 Q0 201500712199443641262 1
20 Q0 201500716282443637831 1
20 Q0 201500720032443638201 1
20 Q0 201500720883443641201 1
20 Q0 201500802667443641041 1
21 Q0 2005207343332604011 1
21 Q0 2007202234332608341 1
21 Q0 2007203155332610871 1
21 Q0 2008206997332611631 1
21 Q0 2009206322332616681 1
21 Q0 2009207367332615971 1
21 Q0 2009213255332622281 1
21 Q0 2010201939332623252 1
22 Q0 2002201404330596721 1
22 Q0 2002206699332598581 1
22 Q0 2007204597332610511 1
22 Q0 2009312488332616951 1
22 Q0 2013211624332630391 1
22 Q0 201400809712443633911 1
22 Q0 201500709396443637711 1
22 Q0 201500715146443638721 1
22 Q0 201500801420443637061 1
22 Q0 201500818817443639241 1
23 Q0 2012201921332630961 1
23 Q0 2012213581332626891 1
23 Q0 2012225786332628851 1
23 Q0 2013205104332630122 1
23 Q0 201400720774443640711 1
23 Q0 201400811499443638601 1
23 Q0 201400826831443635811 1
23 Q0 201500717323443640971 1
23 Q0 201500806997443638181 1
23 Q0 201500817678443640581 1
24 Q0 2006202291332607721 1
24 Q0 2008217089332614511 1
24 Q0 2009110739332616551 1
24 Q0 2009204216332614811 1
24 Q0 2009206640332615971 1
24 Q0 2009213266332618292 1
24 Q0 2009217090332617662 1
24 Q0 2010203253332618702 1
24 Q0 2010209270332619552 1
24 Q0 2010211207332620732 1
24 Q0 2010220001332620772 1
24 Q0 2011207807332623332 1
24 Q0 2011213560332623251 1
24 Q0 2011218792332627812 1
24 Q0 2011221160332624721 1
24 Q0 2012204083332625502 1
24 Q0 2012206504332625701 1
24 Q0 2012211211332626272 1
24 Q0 2012213730332626902 1
25 Q0 2009210096332616181 1
25 Q0 2010204114332618701 1
25 Q0 2010210244332620251 1
25 Q0 2010217276332620461 1
25 Q0 2011205348332623461 1
25 Q0 2011210363332623601 1
25 Q0 2011211383332623461 1
25 Q0 2011218784332626891 1
25 Q0 2011220195332624301 1
25 Q0 2012205026332625851 1
25 Q0 2012210161332626051 1
25 Q0 201400200680443632391 1
26 Q0 2002202610330591271 1
26 Q0 2006209919332607441 1
26 Q0 2010204404332619992 1
26 Q0 2010204623332619291 1
26 Q0 2010206618332620341 1
26 Q0 2010210514332620461 1
26 Q0 2010214453332620591 1
26 Q0 2010214915332620591 1
26 Q0 2010218390332621711 1
26 Q0 2011204151332630532 1
26 Q0 2011204221332622061 1
26 Q0 2011211143332623041 1
26 Q0 2011217633332624371 1
26 Q0 2012217207332627182 1
26 Q0 2013105392332630551 1
26 Q0 2013201489332630752 1
26 Q0 2013206634332631311 1
26 Q0 2013210100332630471 1
26 Q0 201400703504443633501 1
26 Q0 201500704844443636581 1
26 Q0 201500704844443638811 1
26 Q0 201500705646443636581 1
26 Q0 201500706449443636721 1
26 Q0 201500715718443637831 1
26 Q0 201500715754443637831 1
26 Q0 201500803160443636172 1
26 Q0 201500818181443639281 1
27 Q0 2000204423330585661 1
27 Q0 2005400470332600661 1
27 Q0 2006206369332605611 1
27 Q0 2006207288332605551 1
27 Q0 2006408098332606121 1
27 Q0 2008210886332615201 1
27 Q0 2009214182332621431 1
27 Q0 2010114337332622851 1
27 Q0 2010420798332626562 1
27 Q0 2011214104332623741 1
27 Q0 2011216467332629841 1
27 Q0 2013104196332631741 1
27 Q0 2013207826332629911 1
27 Q0 201400616292443634801 1
27 Q0 201400719974443634591 1
27 Q0 201400805375443633121 1
28 Q0 2006205686332607221 1
28 Q0 2008211467332613871 1
28 Q0 2008217883332616121 1
28 Q0 2008219508332617621 1
28 Q0 2009214074332617621 1
28 Q0 201500818588443640151 1
29 Q0 2007209282332609531 1
29 Q0 2007209464332609531 1
29 Q0 2008200349332611091 1
29 Q0 2008309088332612411 1
29 Q0 2008317912332614011 1
29 Q0 2008319410332614231 1
29 Q0 2009300553332614501 1
29 Q0 2010101999332620471 1
29 Q0 2010106502332620121 1
29 Q0 2010212114332624791 1
29 Q0 2010213564332625431 1
29 Q0 2010302279332619121 1
29 Q0 2010309412332620241 1
29 Q0 2011319658332624301 1
29 Q0 2012320009332627661 1
30 Q0 2009208148332616891 1
30 Q0 2009208666332616051 1
30 Q0 2009208685332615971 1
30 Q0 2009210149332616891 1
30 Q0 2009213585332616911 1
30 Q0 2009217675332618781 1
30 Q0 2010200857332618221 1
30 Q0 2010206857332618991 1
30 Q0 2010217242332626481 1
30 Q0 2011202905332627951 1
30 Q0 2011213803332626132 1
30 Q0 2012206128332625712 1
30 Q0 2012207702332627521 1
30 Q0 201300222086443633121 1
30 Q0 201300225674443632521 1
30 Q0 2013206778332630121 1
30 Q0 2013212490332630891 1
30 Q0 2013222612332631441 1
30 Q0 2013222753332631522 1
30 Q0 201400716896443634401 1
30 Q0 201400801695443632701 1
30 Q0 201400810072443633371 1
30 Q0 201400814147443639991 1
30 Q0 201500819411443638181 1
31 Q0 2007209846332609471 1
31 Q0 2007210744332609471 1
31 Q0 2010203959332621781 1
31 Q0 2010204545332621931 1
31 Q0 2010215563332621931 1
31 Q0 2010219083332621721 1
31 Q0 2011202465332621641 1
31 Q0 2011207554332623111 1
31 Q0 2011210801332622971 1
31 Q0 2011215058332623531 1
31 Q0 2012201643332625141 1
31 Q0 2012203934332625352 1
31 Q0 2012204295332625992 1
31 Q0 2012205368332625852 1
31 Q0 2012208969332626061 1
31 Q0 2012213374332629981 1
31 Q0 2012222406332627801 1
32 Q0 201400710244443634271 1
32 Q0 201500720669443638261 1
32 Q0 201500819481443638822 1
32 Q0 201500819814443638131 1
33 Q0 2003205303332601425 1
33 Q0 2005109558332603951 1
33 Q0 2005204695332606941 1
33 Q0 2005209248332608341 1
33 Q0 2008205676332611701 1
33 Q0 2009200284332614511 1
33 Q0 2009200885332615761 1
33 Q0 2012202827332626121 1
33 Q0 2012206030332625982 1
33 Q0 2012206118332625982 1
33 Q0 2012208644332626061 1
33 Q0 2012209147332627461 1
33 Q0 2012222731332627732 1
33 Q0 2013208111332629552 1
33 Q0 2013214730332630612 1
33 Q0 201400703821443632801 1
33 Q0 201400802658443633002 1
33 Q0 201400807180443633002 1
33 Q0 201400822342443636761 1
33 Q0 201400828434443637351 1
33 Q0 201400828438443637351 1
33 Q0 201500709818443637001 1
34 Q0 2002300363332605131 1
34 Q0 2003308121332604501 1
34 Q0 2004105318332608431 1
34 Q0 2007303156332611151 1
34 Q0 2008301938332612131 1
34 Q0 2009318084332617651 1
34 Q0 2010312300332620241 1
34 Q0 2010318898332621511 1
34 Q0 2011300370332621791 1
34 Q0 2011310578332623892 1
34 Q0 2011314961332623951 1
34 Q0 2011319831332625502 1
34 Q0 2012302747332626471 1
34 Q0 2012318591332627811 1
34 Q0 2012326062332628721 1
34 Q0 201300323179443633231 1
34 Q0 201300324245443633721 1
34 Q0 2013306899332629631 1
34 Q0 2013309525332630181 1
34 Q0 2013313127332630541 1
34 Q0 2013320050332631171 1
34 Q0 201400310186443633981 1
34 Q0 201400318492443637671 1
34 Q0 201400319367443635101 1
34 Q0 201400323963443635101 1
34 Q0 201400727351443636101 1
35 Q0 2001203896330589661 1
35 Q0 2003202210330594581 1
35 Q0 2004203187330597571 1
35 Q0 2004208416332604003 1
35 Q0 2007208805332610791 1
35 Q0 2008212602332612691 1
35 Q0 2009215554332617861 1
35 Q0 2010215337332620702 1
35 Q0 2010220941332621861 1
35 Q0 2012226446332628511 1
35 Q0 201300225707443633351 1
35 Q0 201300227029443632302 1
35 Q0 201400711145443635051 1
35 Q0 201400722418443636161 1
35 Q0 201500814240443640971 1
36 Q0 2008213827332616681 1
36 Q0 2009205211332615282 1
36 Q0 2009214442332616681 1
36 Q0 2010206294332619551 1
36 Q0 2011202773332625172 1
36 Q0 2011207857332629701 1
36 Q0 2013220461332631722 1
36 Q0 201400712319443634401 1
36 Q0 201400715867443634401 1
36 Q0 201400810182443633922 1
36 Q0 201400824215443638311 1
36 Q0 201400826808443635681 1
36 Q0 201400829500443637281 1
36 Q0 201500706884443637011 1
36 Q0 201500717323443640971 1
36 Q0 201500802435443637471 1
36 Q0 201500819287443639451 1
36 Q0 201500822187443638541 1
37 Q0 2007213873332619822 1
37 Q0 2009606877332618731 1
37 Q0 2011203637332622141 1
37 Q0 2012209906332631021 1
37 Q0 2012212213406626892 1
37 Q0 2013204944332631241 1
37 Q0 2013215469332630541 1
37 Q0 2013222227332631402 1
37 Q0 2013222364332631402 1
37 Q0 201400619711443640761 1
37 Q0 201400806015443633911 1
37 Q0 201500722695443640491 1
37 Q0 201500821440443638721 1
38 Q0 2007203189332618501 1
38 Q0 2007209716332614221 1
38 Q0 2009200453332616961 1
38 Q0 2009205644332615211 1
38 Q0 2009216672332618151 1
38 Q0 2010212117332620181 1
38 Q0 2010212607332620661 1
38 Q0 2010215808332620772 1
38 Q0 2011209804332623111 1
38 Q0 2012200458332625143 1
38 Q0 2012226392332628721 1
38 Q0 2012606080332626781 1
38 Q0 2013201806332629281 1
38 Q0 2013210248332630671 1
38 Q0 2013220743332631441 1
38 Q0 201400823308443635681 1
38 Q0 201400828922443635961 1
38 Q0 201500708580443639361 1
39 Q0 2002207414330594771 1
39 Q0 2003203779332598471 1
39 Q0 2006211516332607361 1
39 Q0 2009205308332616881 1
39 Q0 2010207543332619692 1
39 Q0 2010216210332621781 1
39 Q0 2010217618332621081 1
39 Q0 2010220681332621721 1
39 Q0 2011213196332623471 1
39 Q0 2012206784332626831 1
39 Q0 2012208005332625921 1
39 Q0 2012221926332628081 1
39 Q0 2013209033332629901 1
39 Q0 2013211836332630042 1
39 Q0 2013219914332631031 1
39 Q0 201400711904443633861 1
39 Q0 201400713081443635191 1
39 Q0 201400725581443635591 1
39 Q0 201400808828443633371 1
39 Q0 201400814689443633911 1
39 Q0 201400823077443634832 1
39 Q0 201400824014443635111 1
39 Q0 201500801825443636412 1
39 Q0 201500809753443637211 1
39 Q0 201500819732443638891 1
40 Q0 2011201938332628936 1
40 Q0 2011213867332626271 1
40 Q0 2012224282332628861 1
40 Q0 201300216145443638791 1
40 Q0 2013212837332630681 1
40 Q0 2013214678332631091 1
40 Q0 2013217999332631441 1
40 Q0 2013218880332631031 1
40 Q0 201400704954443638791 1
40 Q0 201400709757443638331 1
40 Q0 201400710874443638341 1
40 Q0 201400711074443640501 1
40 Q0 201400818288443640331 1
40 Q0 201500716571443641541 1
40 Q0 201500809462443641541 1
41 Q0 2003201203330594551 1
41 Q0 2006207256332608691 1
41 Q0 2007213739332611731 1
41 Q0 2008218603332613941 1
41 Q0 2009212262332616472 1
41 Q0 2009212264332617931 1
41 Q0 2010201822332618281 1
41 Q0 2010204378332619262 1
41 Q0 2010206083332625842 1
41 Q0 201200208970443636361 1
41 Q0 2012217756332627321 1
41 Q0 2012220786332628711 1
41 Q0 2012221400332628011 1
41 Q0 2013213222332630461 1
41 Q0 201400702054443632772 1
41 Q0 201400723241443635051 1
41 Q0 201400728118443635941 1
41 Q0 201400824356443635181 1
41 Q0 201500806501443637561 1
42 Q0 2007209406332610451 1
42 Q0 2008202400332612361 1
42 Q0 2009201518332614811 1
42 Q0 2009215241332618011 1
42 Q0 2009216346332617371 1
42 Q0 2010200323332618291 1
42 Q0 2010210555332621301 1
42 Q0 2011214160332623611 1
42 Q0 2012200145332625012 1
42 Q0 2012202696332625912 1
42 Q0 2012203912332625361 1
42 Q0 2012211999332626272 1
42 Q0 2012219565332627251 1
42 Q0 2012224943332628014 1
42 Q0 2013203362332629272 1
42 Q0 2013218145332630752 1
42 Q0 201400708436443633701 1
42 Q0 201400716138443634831 1
42 Q0 201400722901443636161 1
42 Q0 201400817870443634281 1
42 Q0 201400821440443634842 1
42 Q0 201500807946443638521 1
43 Q0 2011214549332623951 1
43 Q0 2012211823332626821 1
43 Q0 2013108273332629851 1
43 Q0 2013217432332630892 1
43 Q0 2013218063332631021 1
43 Q0 201500117664443638131 1
43 Q0 201500720163443638471 1
43 Q0 201500720255443638181 1
43 Q0 201500810480443637461 1
43 Q0 201500822861443638321 1
44 Q0 2005100262332604721 1
44 Q0 2005100493332604721 1
44 Q0 2005101817332604791 1
44 Q0 2005207439332604571 1
44 Q0 2005207448332604011 1
44 Q0 2006104521332606121 1
44 Q0 2007213868332618351 1
44 Q0 2010200374332619681 1
44 Q0 201300223356443636591 1
44 Q0 201400624263443640901 1
44 Q0 201400624272443640901 1
44 Q0 201400624737443639671 1
44 Q0 201400807934443633982 1
44 Q0 201400814652443634762 1
44 Q0 201500604427443639352 1
44 Q0 201500606515443640901 1
44 Q0 201500807139443637691 1
45 Q0 2009212751332617941 1
45 Q0 2009216651332617901 1
45 Q0 2010219890332620772 1
45 Q0 2011205087332622351 1
45 Q0 2011207125332625502 1
45 Q0 2013205999332631031 1
45 Q0 201400722903443635081 1
45 Q0 201400824890443635801 1
45 Q0 201500701002443637152 1
45 Q0 201500806851443636581 1
45 Q0 201500807373443637391 1
45 Q0 201500808896443636872 1
45 Q0 201500816772443640491 1
45 Q0 201500819908443638691 1
46 Q0 201500710147443637211 1
46 Q0 201500715207443637431 1
46 Q0 201500722749443641471 1
47 Q0 2011201538332623752 1
47 Q0 2011201601332623752 1
47 Q0 2011209806332625212 1
47 Q0 2011209972332630671 1
47 Q0 2011210785332630671 1
47 Q0 2011215162332623951 1
47 Q0 201400723314443639651 1
47 Q0 201400728412443639031 1
47 Q0 201500710277443641201 1
47 Q0 201500711680443638531 1
47 Q0 201500821901443638741 1
48 Q0 2005201163332603441 1
48 Q0 2006202780332604991 1
48 Q0 2006209809332609261 1
48 Q0 2006211591332609535 1
48 Q0 2007210684332613951 1
48 Q0 2008200549332611421 1
48 Q0 2008200553332614011 1
48 Q0 2009201769332614851 1
48 Q0 2009203010332615351 1
48 Q0 2009215203332618211 1
48 Q0 2011201518332622211 1
48 Q0 2011203952332621791 1
48 Q0 2011222031332625502 1
48 Q0 201400702843443632391 1
48 Q0 201400826270443635381 1
48 Q0 201500700659443636131 1
49 Q0 2005208067332604921 1
49 Q0 2009200994332614511 1
49 Q0 2009202093332614991 1
49 Q0 2010217820332623041 1
49 Q0 2010218048332621931 1
49 Q0 2010218066332621991 1
49 Q0 2010218071332623951 1
49 Q0 2011200505332623471 1
49 Q0 2011200521332621361 1
49 Q0 2011210404332623121 1
49 Q0 2011212172332623181 1
49 Q0 2011212930332623251 1
49 Q0 2011217710332623821 1
49 Q0 2011222592332624861 1
49 Q0 2012201565332625362 1
49 Q0 201300224463443632462 1
49 Q0 201300225265443640082 1
49 Q0 201400806411443633712 1
49 Q0 201500810570443638411 1
50 Q0 2007200177332607361 1
50 Q0 2007202149332611841 1
50 Q0 2008204237332612482 1
50 Q0 2008210774332612201 1
50 Q0 2008216990332613731 1
50 Q0 2010215435332621152 1
50 Q0 2012201967332627391 1
50 Q0 2012219283332627241 1
50 Q0 201300211278443634691 1
50 Q0 2013204561332631311 1
50 Q0 201400725114443635121 1
50 Q0 201400728428443637461 1
50 Q0 201400804038443633711 1
50 Q0 201500708463443636931 1
50 Q0 201500719168443638062 1
50 Q0 201500723220443638691 1
51 Q0 2009206190332621991 1
51 Q0 2010205235332619751 1
51 Q0 2010211262332621991 1
51 Q0 2011220625332624871 1
51 Q0 2011221246332627461 1
51 Q0 2012225710332628442 1
51 Q0 2013202266332631652 1
51 Q0 201500810247443639641 1
52 Q0 2002105310332600661 1
52 Q0 2002201372330590641 1
52 Q0 2004204933332603941 1
52 Q0 2006202383332604431 1
52 Q0 2007208464332611781 1
52 Q0 2007211560332612552 1
52 Q0 2008219052332617661 1
52 Q0 2009204141332615971 1
52 Q0 2009215968332618361 1
52 Q0 2010207953332627661 1
52 Q0 2011211592332623881 1
52 Q0 2011219169332630251 1
52 Q0 2012206591332627032 1
52 Q0 201400825988443636081 1
53 Q0 2002207236332598481 1
53 Q0 2004205736332608911 1
53 Q0 2004209277332604491 1
53 Q0 2006202489332609814 1
53 Q0 2008203039332617021 1
53 Q0 2009213360332616951 1
53 Q0 2009214323332618711 1
53 Q0 2009217015332618281 1
53 Q0 2012219033332627951 1
53 Q0 2013225624332631732 1
53 Q0 201400805454443633121 1
53 Q0 201400809291443633722 1
53 Q0 201400813903443634141 1
53 Q0 201500704530443636711 1
53 Q0 201500806236443637991 1
53 Q0 201500808066443637681 1
53 Q0 201500813335443638751 1
53 Q0 201500820724443640721 1
54 Q0 2004203710330597981 1
54 Q0 2004205670332598621 1
54 Q0 2004205798332598691 1
54 Q0 2004205949332599661 1
54 Q0 2004209468332600652 1
54 Q0 2005202374332600501 1
54 Q0 2005306835332608141 1
54 Q0 2005306902332601791 1
54 Q0 2005306968332604011 1
54 Q0 2006300502332603191 1
54 Q0 2006307705332605081 1
54 Q0 2013300133332628721 1
54 Q0 2013314035332630391 1
55 Q0 2008617649332619852 1
55 Q0 2009610269332618521 1
55 Q0 2011616969332625871 1
55 Q0 2012606587332627341 1
55 Q0 2013614735332632031 1
55 Q0 201400611611443636061 1
55 Q0 201400611982443635111 1
55 Q0 201400624852443638061 1
55 Q0 201400624912443637331 1
55 Q0 201400629216443637842 1
55 Q0 201400629303443636591 1
55 Q0 201400729465443636761 1
55 Q0 201400824356443635181 1
55 Q0 201500602918443638381 1
55 Q0 201500605404443637991 1
55 Q0 201500606575443640541 1
55 Q0 201500609510443641211 1
55 Q0 201500611642443639281 1
55 Q0 201500620439443640362 1
56 Q0 2011213783332623531 1
56 Q0 2012210909332626681 1
56 Q0 2012211584332626331 1
56 Q0 2012211594332626201 1
56 Q0 2012215163332629911 1
56 Q0 2012215164332626681 1
56 Q0 2013210018332629902 1
56 Q0 2013210020332629773 1
56 Q0 2013210027332629773 1
56 Q0 2013218093332631091 1
56 Q0 2013220776332631371 1
56 Q0 201400200770443632351 1
56 Q0 201400801876443633011 1
56 Q0 201500719599443638131 1
56 Q0 201500813094443641251 1
56 Q0 201500813264443639791 1
57 Q0 2006209024332607011 1
57 Q0 2007207135332609321 1
57 Q0 2008206134332629273 1
57 Q0 2008210887332615341 1
57 Q0 2008211783332612481 1
57 Q0 2008211805332614291 1
57 Q0 2008214464332613461 1
57 Q0 2009201717332616181 1
57 Q0 2009201749332615351 1
57 Q0 2009208345332616211 1
57 Q0 2010212812332620706 1
57 Q0 2010214514332623121 1
57 Q0 2010215400332620701 1
57 Q0 2011203134332623041 1
57 Q0 2011208633332622701 1
57 Q0 201400723853443635052 1
58 Q0 201300209716443638391 1
58 Q0 201300217306443639861 1
58 Q0 201300217553443638591 1
58 Q0 201300226232443638811 1
58 Q0 2013209023332629981 1
58 Q0 201400702513443638341 1
58 Q0 201400710874443638341 1
58 Q0 201400714269443638331 1
58 Q0 201400715302443638531 1
58 Q0 201400717884443638471 1
58 Q0 201400718290443638471 1
58 Q0 201400725197443641121 1
58 Q0 201400829342443640791 1
58 Q0 201500802879443636761 1
59 Q0 2006201874332611211 1
59 Q0 2006206736332607371 1
59 Q0 2006207595332611561 1
59 Q0 2009212351332616821 1
59 Q0 2010210857332622482 1
59 Q0 2010220227332622071 1
59 Q0 2011211947332626971 1
59 Q0 201300205738443632811 1
59 Q0 201300217663443641002 1
59 Q0 201300225553443632522 1
59 Q0 201400825384443635672 1
60 Q0 2009204709332616531 1
60 Q0 2009209784332616531 1
60 Q0 2009210871332616191 1
60 Q0 2009210927332617051 1
60 Q0 2009212870332616741 1
60 Q0 2009218058332619482 1
60 Q0 2010203481332618911 1
60 Q0 2010204775332619331 1
60 Q0 2010205145332619471 1
60 Q0 2010207530332620602 1
60 Q0 2011205497332622901 1
60 Q0 2011205550332626621 1
60 Q0 201400724786443635251 1
60 Q0 201400826846443638321 1
60 Q0 201500801626443637571 1
61 Q0 2007214048332609821 1
61 Q0 2010109873332622292 1
61 Q0 2010114479332621521 1
61 Q0 201100202906443632732 1
61 Q0 2012102964332626141 1
61 Q0 2012117814332627891 1
61 Q0 2012203015332626541 1
61 Q0 201300220784443640361 1
61 Q0 2013109270332630761 1
61 Q0 201400704068443632601 1
61 Q0 201400706475443635401 1
62 Q0 2007212616332611521 1
62 Q0 2007213217332611491 1
62 Q0 2007213454332612271 1
62 Q0 2008210463332613041 1
62 Q0 2010202062332619331 1
62 Q0 2010202732332623742 1
62 Q0 2010203516332618921 1
62 Q0 2010214536332620661 1
62 Q0 2010216590332620701 1
62 Q0 2012200147332624802 1
62 Q0 2012213580332626992 1
62 Q0 2012215030332626893 1
62 Q0 2013200918332629352 1
62 Q0 2013217032332630821 1
62 Q0 201400710658443634211 1
62 Q0 201400719980443634691 1
62 Q0 201400727398443635321 1
62 Q0 201400813040443634451 1
63 Q0 2010202034332618981 1
63 Q0 2010202732332623742 1
63 Q0 2010204547332620733 1
63 Q0 2010206291332619891 1
63 Q0 2010208572332619891 1
63 Q0 2010208572332624662 1
63 Q0 2010209289332622551 1
63 Q0 2010209453332620461 1
63 Q0 2010211263332620591 1
63 Q0 2010216125332620661 1
63 Q0 2010217008332621232 1
63 Q0 2011216978332624723 1
63 Q0 2011221267332624791 1
63 Q0 2012215030332626893 1
64 Q0 2001203756330586711 1
64 Q0 2003104356330594091 1
64 Q0 2003105510330594431 1
64 Q0 2005104655332601361 1
64 Q0 2005206965332601901 1
64 Q0 2007111411332608851 1
64 Q0 2008200824332610381 1
64 Q0 2008204207332610961 1
64 Q0 2008209873332611981 1
64 Q0 2012201112332630332 1
64 Q0 2012202013332625152 1
64 Q0 2012213464332626412 1
65 Q0 2008206261332612971 1
65 Q0 2012206650332630471 1
65 Q0 2012208132332626541 1
65 Q0 2013219829332631101 1
65 Q0 201400710874443638341 1
65 Q0 201400723699443637002 1
65 Q0 201400729271443637901 1
65 Q0 201500617910443639491 1
65 Q0 201500707978443636991 1
65 Q0 201500709320443637061 1
65 Q0 201500719883443638121 1
65 Q0 201500720566443639651 1
66 Q0 2002204131330595751 1
66 Q0 2002205222330594561 1
66 Q0 2008205145332617101 1
66 Q0 2010219744332621361 1
66 Q0 2011202972332624381 1
66 Q0 2012202468332626411 1
66 Q0 2012216988332627531 1
66 Q0 2012221926332628081 1
66 Q0 2012224188332629061 1
66 Q0 2012606320332629581 1
66 Q0 201400823317443637571 1
66 Q0 201400828171443641401 1
66 Q0 201500800605443636721 1
66 Q0 201500803817443636412 1
66 Q0 201500805673443636492 1
66 Q0 201500806998443638322 1
66 Q0 201500807000443637191 1
66 Q0 201500808908443637201 1
67 Q0 2006212995332609181 1
67 Q0 2008219298332619271 1
67 Q0 2010214748406624872 1
67 Q0 2011203925332622491 1
67 Q0 2011204354332627662 1
67 Q0 2012218390332627601 1
67 Q0 201300220151443632741 1
67 Q0 2013201513332629556 1
67 Q0 2013202400332629411 1
67 Q0 201400807489443633291 1
68 Q0 2012211545332626892 1
68 Q0 2012211868332626751 1
68 Q0 2012212715332628791 1
68 Q0 2012216608332627252 1
68 Q0 2012223055332629691 1
68 Q0 2012225398332630121 1
68 Q0 201300226508443633721 1
68 Q0 2013204995332629491 1
68 Q0 201400718171443635091 1
68 Q0 201400718866443634831 1
68 Q0 201400720712443635951 1
68 Q0 201400721087443634771 1
68 Q0 201400820597443635181 1
68 Q0 201400827967443635391 1
68 Q0 201500704904443636591 1
69 Q0 2003206940330595811 1
69 Q0 2005200450332602051 1
69 Q0 2006205843332605541 1
69 Q0 2007201270332608481 1
69 Q0 2010215311332622491 1
69 Q0 2011203342332623601 1
69 Q0 2011212826332629901 1
69 Q0 2013214418332630821 1
69 Q0 2013217156332630822 1
69 Q0 2013221533332631171 1
69 Q0 2013223983332631722 1
69 Q0 201400812607443633981 1
69 Q0 201400813853443633911 1
69 Q0 201500719114443637911 1
70 Q0 2011218488332624381 1
70 Q0 2012200586332624941 1
70 Q0 201400200425443632291 1
70 Q0 201400717396443638191 1
70 Q0 201400728197443636031 1
70 Q0 2014200425332632073 1
70 Q0 201500701464443636521 1
70 Q0 201500715476443637911 1
70 Q0 201500822715443639802 1
71 Q0 2012223530332628571 1
71 Q0 201300224258443640361 1
71 Q0 201400708211443633431 1
71 Q0 201400713360443634561 1
71 Q0 201400724692443635821 1
71 Q0 201400811089443634251 1
71 Q0 201400820317443639321 1
71 Q0 201400821179443636581 1
71 Q0 201400824215443638311 1
71 Q0 201400829091443638311 1
71 Q0 201500802435443637471 1
71 Q0 201500808646443637121 1
71 Q0 201500822187443638541 1
72 Q0 2009205626332614861 1
72 Q0 2009211745332616051 1
72 Q0 2010209441332619132 1
72 Q0 2010218223332621222 1
72 Q0 2011207285332622422 1
72 Q0 2011210351332622762 1
72 Q0 2011210841332622762 1
72 Q0 2012201099332625422 1
72 Q0 2012217984332627392 1
72 Q0 2012219458332627182 1
72 Q0 2012226344332628512 1
73 Q0 2008204829332611292 1
73 Q0 2009216855332620485 1
73 Q0 2010203407332618011 1
73 Q0 2011216623332624231 1
73 Q0 2011220422332627731 1
73 Q0 2011221111332624871 1
73 Q0 2012205769332626271 1
73 Q0 2012209150332628512 1
73 Q0 2012217832332627032 1
73 Q0 201400705647443633011 1
74 Q0 2008217772332616281 1
74 Q0 2010105919332621941 1
74 Q0 2010109001332619842 1
74 Q0 2012100124332624742 1
74 Q0 2012112296332628452 1
74 Q0 2012203486332626191 1
74 Q0 2012210334332627731 1
74 Q0 201400114630443635011 1
74 Q0 201400124385443640351 1
74 Q0 201400707379443633211 1
74 Q0 201500105946443638601 1
75 Q0 2009312133332616951 1
75 Q0 2009313804332617871 1
75 Q0 2009313971332616951 1
75 Q0 2010303442332619272 1
75 Q0 2010307184332619271 1
75 Q0 201400103630443633051 1
75 Q0 201400110507443633791 1
75 Q0 201400112424443634456 1
75 Q0 201400117780443634591 1
75 Q0 201400305999443633291 1
75 Q0 201500116147443638511 1
75 Q0 201500301661443636592 1
75 Q0 201500314259443637712 1
75 Q0 201500720649443638181 1
76 Q0 2008213140332612551 1
76 Q0 2008218219332613451 1
76 Q0 2009204820332618311 1
76 Q0 2009204875332618151 1
76 Q0 2009210293332616951 1
76 Q0 2011209798332624721 1
76 Q0 2011218631332624311 1
76 Q0 201500819260443640061 1
77 Q0 2008213633332615762 1
77 Q0 2008214988332615141 1
77 Q0 2011208423332623751 1
77 Q0 2012208546332625991 1
77 Q0 2012216108332626762 1
77 Q0 2012220227332627322 1
77 Q0 2012222039332627602 1
77 Q0 2013213307332630261 1
77 Q0 201400818549443634332 1
77 Q0 201500700930443635921 1
77 Q0 201500706339443636481 1
77 Q0 201500708171443636711 1
77 Q0 201500710191443638532 1
77 Q0 201500715053443638591 1
77 Q0 201500722573443638691 1
78 Q0 2009115255332621871 1
78 Q0 2009216375332617661 1
78 Q0 2011320657332631731 1
78 Q0 2012208960332628011 1
78 Q0 201400707010443634621 1
78 Q0 201500811002443637561 1
78 Q0 201500822851443639651 1
79 Q0 2006206637332604771 1
79 Q0 2008209747332611871 1
79 Q0 2008211375332619894 1
79 Q0 2008219435332613741 1
79 Q0 2009210533332616051 1
79 Q0 2009210787332616051 1
79 Q0 2009211660332616121 1
79 Q0 2009211978332616121 1
79 Q0 2009214859332616951 1
79 Q0 2009215192332616741 1
79 Q0 2010206600332618711 1
79 Q0 2010210620332619342 1
79 Q0 2011220904332624932 1
79 Q0 2011221431332624932 1
79 Q0 2012202214332625142 1
79 Q0 2012216035332626832 1
79 Q0 2012218341332627032 1
79 Q0 201500810932443637401 1
80 Q0 2004210238332604011 1
80 Q0 2008206737332611991 1
80 Q0 2009208537332615771 1
80 Q0 2010215182332621992 1
80 Q0 2012207534332626272 1
80 Q0 2012213286332626751 1
80 Q0 2012214319332626782 1
80 Q0 2012217638332627591 1
80 Q0 2013207792332629621 1
80 Q0 201500712237443637431 1
80 Q0 201500803001443637292 1
81 Q0 2003108162330597721 1
81 Q0 2009212136332617101 1
81 Q0 2011206528332624371 1
81 Q0 2011217390332625911 1
81 Q0 2012201870332625291 1
81 Q0 2012226274332629621 1
81 Q0 2013214503332630811 1
81 Q0 201400708311443633851 1
81 Q0 201500702738443636161 1
81 Q0 201500720317443638531 1
81 Q0 201500722239443638531 1
82 Q0 2008210302332612332 1
82 Q0 2009206678332615481 1
82 Q0 2009215216332617931 1
82 Q0 2009216138332618001 1
82 Q0 2010200169332618781 1
82 Q0 2010211170332620701 1
82 Q0 2010212900332620412 1
82 Q0 2010217890332622901 1
82 Q0 2011201252332622561 1
82 Q0 2012210197332626822 1
82 Q0 201400818105443634631 1
83 Q0 2008117670332613261 1
83 Q0 2008118137332613261 1
83 Q0 2009100658332615081 1
83 Q0 2009108486332615851 1
83 Q0 2010105231332623621 1
83 Q0 2010106204332619002 1
83 Q0 2010303442332619272 1
83 Q0 2011121257332625021 1
83 Q0 2012124050332629152 1
83 Q0 2012218689332629832 1
83 Q0 2013207081332629421 1
83 Q0 201500115290443637951 1
84 Q0 2009201679332615061 1
84 Q0 2010202731332618281 1
84 Q0 2010214458332621791 1
84 Q0 2010215960332621501 1
84 Q0 2010217483332622971 1
84 Q0 2011205731332622062 1
84 Q0 2011208853332623052 1
84 Q0 2011210523332623121 1
84 Q0 2011220580332624941 1
84 Q0 2012203903332625361 1
84 Q0 2012204550332625572 1
84 Q0 2012204618332625361 1
84 Q0 2012217877332627381 1
84 Q0 2012222993332630671 1
84 Q0 2013217204332631943 1
84 Q0 201400201002443632291 1
84 Q0 201400804783443632802 1
84 Q0 201400822022443635102 1
84 Q0 201400823477443634972 1
84 Q0 2014201002332632083 1
85 Q0 2011210571332626412 1
85 Q0 2011210574332626412 1
85 Q0 2012211722332630391 1
85 Q0 2013202089332629841 1
85 Q0 2013213737332630322 1
85 Q0 2013214396332630472 1
85 Q0 2013223879332632072 1
85 Q0 201400718748443634281 1
85 Q0 201400810893443634041 1
85 Q0 201400821153443634611 1
85 Q0 201500712107443639521 1
85 Q0 201500723186443639851 1
85 Q0 201500806257443638341 1
85 Q0 201500806813443637611 1
86 Q0 2003205312330596031 1
86 Q0 2004201973332604851 1
86 Q0 201400822624443635111 1
86 Q0 2014200372332632072 1
87 Q0 2008201039332610871 1
87 Q0 2008211603332612971 1
87 Q0 2009206454332616281 1
87 Q0 2009211985332616751 1
87 Q0 2009216014332618281 1
87 Q0 2010214940332620591 1
87 Q0 2011219688332624371 1
87 Q0 2012201580332625641 1
87 Q0 2012222418332627662 1
87 Q0 201300215874443632461 1
87 Q0 2013215009332631652 1
87 Q0 2013215023332631652 1
87 Q0 201400707834443633711 1
87 Q0 201400723336443635051 1
88 Q0 201300223177443632861 1
88 Q0 201400719707443634691 1
88 Q0 201400803783443633441 1
88 Q0 201500702250443636581 1
88 Q0 201500702785443636931 1
88 Q0 201500703781443637211 1
88 Q0 201500711433443637491 1
88 Q0 201500711434443637431 1
88 Q0 201500722185443638471 1
88 Q0 201500807511443637121 1
88 Q0 201500810020443637401 1
88 Q0 201500811504443637471 1
88 Q0 201500820817443639641 1
88 Q0 201500821217443639861 1
89 Q0 2011202471332626192 1
89 Q0 2013222515332631722 1
89 Q0 2013224516332632012 1
89 Q0 201400709619443634051 1
89 Q0 201500700782443641661 1
89 Q0 201500702321443641052 1
89 Q0 201500706242443640581 1
89 Q0 201500708507443640631 1
89 Q0 201500710509443640511 1
89 Q0 201500711342443640581 1
89 Q0 201500713788443640681 1
89 Q0 201500817087443641001 1
90 Q0 2010303947332625771 1
90 Q0 2012301379332625291 1
90 Q0 2012316719332627461 1
90 Q0 2012316808332627552 1
90 Q0 2012317591332627461 1
90 Q0 2012319122332627881 1
90 Q0 2012319138332627461 1
90 Q0 2012321228332627881 1
90 Q0 2013300293332628721 1
90 Q0 2013305382332629421 1
90 Q0 2013309292332629901 1
90 Q0 2013312651332631661 1
90 Q0 2013324650332631721 1
90 Q0 201400323771443635151 1
90 Q0 201400324357443635192 1
90 Q0 201500302949443637393 1
91 Q0 2006112481332607941 1
91 Q0 2011201278332621654 1
91 Q0 2011202270332622071 1
91 Q0 2011205137332621812 1
91 Q0 2012119195332628801 1
91 Q0 2013112436332630552 1
91 Q0 2013114069332630552 1
91 Q0 2013218275332630742 1
91 Q0 2013219444332631242 1
91 Q0 201500106042443641181 1
91 Q0 201500113146443638751 1
91 Q0 201500114016443637831 1
91 Q0 201500803023443637051 1
92 Q0 2008201830332610732 1
92 Q0 2008213321332613461 1
92 Q0 2009200070332617131 1
92 Q0 2011218689332624241 1
92 Q0 2013204255332629552 1
92 Q0 201400727474443636361 1
92 Q0 201400802423443640701 1
92 Q0 201400810015443640231 1
92 Q0 201500710764443641061 1
92 Q0 201500814602443640222 1
92 Q0 201500816706443638411 1
93 Q0 2001105177330592191 1
93 Q0 2004201173332610801 1
93 Q0 2005209106332607081 1
93 Q0 2006201511332606941 1
93 Q0 2007206228332614791 1
93 Q0 2007211423332611011 1
93 Q0 2008212722332613461 1
93 Q0 2009200070332617131 1
93 Q0 2009202864332615701 1
93 Q0 2009214326332618781 1
93 Q0 2010200188332618081 1
93 Q0 2010202441332618841 1
93 Q0 2010214314332620462 1
93 Q0 2010217455332625351 1
93 Q0 2010217457332625351 1
93 Q0 2012205757332630531 1
93 Q0 2012208346332627521 1
93 Q0 2012223206332627734 1
93 Q0 201300218482443633562 1
93 Q0 201300225556443637141 1
93 Q0 201400710963443634191 1
93 Q0 201400712787443635222 1
93 Q0 201400714851443639671 1
93 Q0 201400727685443635401 1
93 Q0 201400820244443636211 1
93 Q0 201500711073443638121 1
93 Q0 201500807678443637291 1
94 Q0 2007205249332608201 1
94 Q0 2012222660332631021 1
94 Q0 201300226232443638811 1
94 Q0 201400702479443639641 1
94 Q0 201400707166443639741 1
94 Q0 201400715858443641061 1
94 Q0 201400717044443638621 1
94 Q0 201400718290443638471 1
94 Q0 201400728555443638881 1
94 Q0 201500709391443640571 1
94 Q0 201500719475443639521 1
94 Q0 201500806679443636521 1
94 Q0 201500812482443638231 1
94 Q0 201500819592443638611 1
94 Q0 201500822526443639641 1
95 Q0 2007202880332609681 1
95 Q0 2007209749332612121 1
95 Q0 2007212320332612061 1
95 Q0 2008201778332610801 1
95 Q0 2008215709332613741 1
95 Q0 2010200173332620181 1
95 Q0 2010203465332620461 1
95 Q0 2010205273332620461 1
95 Q0 2010206199332619201 1
95 Q0 2010209621332620671 1
95 Q0 2010210843332620731 1
95 Q0 201300201500443632791 1
95 Q0 201300217509443633681 1
95 Q0 201300225583443633631 1
95 Q0 2013216329332630542 1
95 Q0 2013218027332631032 1
95 Q0 201400708235443633121 1
95 Q0 201400809284443633641 1
95 Q0 201500807565443641611 1
96 Q0 200200205551443640222 1
96 Q0 200600205938443639931 1
96 Q0 200600208921443639722 1
96 Q0 200600211800443640351 1
96 Q0 200700204875443640231 1
96 Q0 200700207143443639801 1
96 Q0 200700207438443639732 1
96 Q0 200800204092443639862 1
96 Q0 200800206128443639791 1
96 Q0 200800209799443638331 1
96 Q0 200900207733443641002 1
96 Q0 200900217523443641281 1
96 Q0 200900217569443640141 1
96 Q0 201200217011443640581 1
96 Q0 201300204801443639741 1
96 Q0 201400805083443638321 1
97 Q0 2010208803332620531 1
98 Q0 2008308386332615351 1
98 Q0 2008309502332614231 1
98 Q0 2009316185332618501 1
98 Q0 2010304274332622411 1
98 Q0 2011315132332623462 1
98 Q0 2011621174332627902 1
98 Q0 2012317775332628081 1
98 Q0 201300126143443632851 1
98 Q0 2013108530332630762 1
98 Q0 2013114471332630552 1
98 Q0 2013317384332631652 1
98 Q0 201400108219443633261 1
98 Q0 201400112049443635221 1
98 Q0 201400113878443634351 1
98 Q0 201400120904443635021 1
98 Q0 201400304084443637851 1
98 Q0 201400326228443640471 1
98 Q0 201500103990443637681 1
98 Q0 201500120981443640121 1
98 Q0 201500311772443638621 1
98 Q0 201500316751443639031 1
98 Q0 201500322640443638594 1
98 Q0 201500808585443637191 1
99 Q0 201300206474443633991 1
99 Q0 201400714738443634271 1
99 Q0 201400725662443635321 1
99 Q0 201500720365443638261 1
100 Q0 2004207081332606591 1
100 Q0 2005209937332604851 1
100 Q0 2007215919332612201 1
100 Q0 2008205427332612551 1
100 Q0 2009200070332617131 1
100 Q0 2009201352332616681 1
100 Q0 2009212023332618782 1
100 Q0 2011200757332630121 1
100 Q0 2011217280332629412 1
100 Q0 2012216349332630471 1
100 Q0 2012219654332628081 1
100 Q0 201300224104443638761 1
100 Q0 2013203721332629551 1
100 Q0 2013204333332630611 1
100 Q0 201400709003443633301 1
100 Q0 201400801673443632421 1
100 Q0 201400803081443632521 1
100 Q0 201400803864443635591 1
100 Q0 201500701836443636721 1
100 Q0 201500710635443637001 1
100 Q0 201500718613443637911 1
100 Q0 201500802149443636721 1
100 Q0 201500802654443637401 1
100 Q0 201500803081443636162 1
100 Q0 201500803183443637681 1
100 Q0 201500804749443638171 1
100 Q0 201500809311443639721 1
100 Q0 201500810580443637571 1
